0 34.3306
1 47.9817
2 24.293
3 15.7161
4 15.1411
5 16.7593
6 14.1956
7 12.0728
8 13.1343
9 11.0066
10 13.7498
11 16.4954
12 19.7898
13 31.3479
14 17.6641
15 22.3752
16 15.7935
17 20.1113
18 35.7456
19 37.0352
20 35.6833
21 35.6387
22 139.164
23 73.4109
24 90.157
25 64.0032
26 44.5388
27 61.3713
28 81.7791
29 40.7896
30 21.4739
31 123.034
32 44.4688
33 54.3076
34 84.6421
35 56.8516
36 52.0098
37 101.522
38 169.039
39 217.266
40 148.416
41 296.345
42 136.578
43 217.349
44 259.729
45 292.201
46 139.74
47 287.114
48 280.828
49 175.376
50 255.905
51 287.042
52 296.442
53 300.119
54 49.2974
55 32.3325
56 291.011
57 299.882
58 207.034
59 186.878
60 291.806
61 239.353
62 127.467
63 191.094
64 245.364
65 116.373
66 266.913
67 297.954
68 287.517
69 290.31
70 186.226
71 296.089
72 294.165
73 291.499
74 293.612
75 282.612
76 293.253
77 294.773
78 289.35
79 287.044
80 297.576
81 275.043
82 301.449
83 288.88
84 159.537
85 157.34
86 291.748
87 300.739
88 294.407
89 290.142
90 294.824
91 289.748
92 289.17
93 299.218
94 296.932
95 295.741
96 293.911
97 292.843
98 298.221
99 290.11
100 292.711
101 293.599
102 292.718
103 292.74
104 286.875
105 292.623
106 286.076
107 286.677
108 295.696
109 293.142
110 290.465
111 295.876
112 293.067
113 292.826
114 294.004
115 298.541
116 292.42
117 285.872
118 294.673
119 294.458
120 294.488
121 295.702
122 295.402
123 291.706
124 269.378
125 295.203
126 294.984
127 292.138
128 288.439
129 221.19
130 298.782
131 293.883
132 295.399
133 295.008
134 293.367
135 292.18
136 293.152
137 297.835
138 290.651
139 286.62
140 294.764
141 290.944
142 297.276
143 291.091
144 284.599
145 241.357
146 289.982
147 294.753
148 290.23
149 295.629
150 292.157
151 296.669
152 291.663
153 288.898
154 205.109
155 289.78
156 288.568
157 292.629
158 293.015
159 292.392
160 290.789
161 294.467
162 291.418
163 203.537
164 283.515
165 293.202
166 291.066
167 292.89
168 295.016
169 286.991
170 300.362
171 284.721
172 292.757
173 228.339
174 298.094
175 294.968
176 292.646
177 295.42
178 236.651
179 296.279
180 288.32
181 294.648
182 297.879
183 298.278
184 293.576
185 294.588
186 290.199
187 295.264
188 292.712
189 293.644
190 301.227
191 300.375
192 296.709
193 302.611
194 295.057
195 295.014
196 295.898
197 297.694
198 293.958
199 294.124
200 294.366
201 294.273
202 298.275
203 297.996
204 296.748
205 298.021
206 296.301
207 292.364
208 296.96
209 298.322
210 295.166
211 294.039
212 295.406
213 296.544
214 294.727
215 291.541
216 291.163
217 127.401
218 297.585
219 295.722
220 295.148
221 289.244
222 296.024
223 294.695
224 294.161
225 293.207
226 297.15
227 294.371
228 289.578
229 293.061
230 295.155
231 294.846
232 298.604
233 293.736
234 294.149
235 297.708
236 300.025
237 296.5
238 301.256
239 297.479
240 302.138
241 296.253
242 295.044
243 298.11
244 293.437
245 296.211
246 294.553
247 296.094
248 295.214
249 292.851
250 294.203
251 293.785
252 298.631
253 295.006
254 294.589
255 291.454
256 296.412
257 302.525
258 294.896
259 298.546
260 295.082
261 300.755
262 299.372
263 114.202
264 299.267
265 298.21
266 295.904
267 294.91
268 295.753
269 295.242
270 295.462
271 299.047
272 297.142
273 295.697
274 293.727
275 294.207
276 296.853
277 295.243
278 295.987
279 294.767
280 295.046
281 296.115
282 296.287
283 293.225
284 294.163
285 291.777
286 293.629
287 300.801
288 291.097
289 295.141
290 303.015
291 296.736
292 299.175
293 296.006
294 301.152
295 297.186
296 298.912
297 301.75
298 300.197
299 301.245
300 295.088
301 297.75
302 294.535
303 295.487
304 294.12
305 297.682
306 298.905
307 296.85
308 292.719
309 295.488
310 294.803
311 296.524
312 295.547
313 294.84
314 293.834
315 295.702
316 294.248
317 301.781
318 299.549
319 300.51
320 295.015
321 295.359
322 300.357
323 296.38
324 295.038
325 298.121
326 295.249
327 298.63
328 298.896
329 298.334
330 295.07
331 294.684
332 292.738
333 297.24
334 294.788
335 294.531
336 295.733
337 296.292
338 291.016
339 301.159
340 302.437
341 294.61
342 296.158
343 295.998
344 296.633
345 300.903
346 295.832
347 295.133
348 294.34
349 298.406
350 296.12
351 298.674
352 299.125
353 298.438
354 298.565
355 302.463
356 299.272
357 298.045
358 298.643
359 295.89
360 299.319
361 295.976
362 294.807
363 303.241
364 298.919
365 294.376
366 299.552
367 298.72
368 295.651
369 296.177
370 295.826
371 297.227
372 303.586
373 300.354
374 298.423
375 299.217
376 294.439
377 295.855
378 294.03
379 297.259
380 294.284
381 297.366
382 294.441
383 293.637
384 298.372
385 298.74
386 302.162
387 301.483
388 298.903
389 296.737
390 297.97
391 299.766
392 299.248
393 301.788
394 302.616
395 297.995
396 298.803
397 293.721
398 296.311
399 295.065
400 296.331
401 296.249
402 294.859
403 299.95
404 297.797
405 295.399
406 295.082
407 296.99
408 305.901
409 296.98
410 294.915
411 296.176
412 297.887
413 294.43
414 299.106
415 298.747
416 301.35
417 293.065
418 298.544
419 290.274
420 295.151
421 296.781
422 293.007
423 298.796
424 297.455
425 297.239
426 295.583
427 299.797
428 297.202
429 294.983
430 300.741
431 300.161
432 302.06
433 295.499
434 294.777
435 297.323
436 295.374
437 294.427
438 297.898
439 295.892
440 296.365
441 300.013
442 297.266
443 292.027
444 298.72
445 299.243
446 297.531
447 295.259
448 299.456
449 300.063
450 295.005
451 298.49
452 296.0
453 298.784
454 294.308
455 299.715
456 294.811
457 296.564
458 295.847
459 295.564
460 293.468
461 295.819
462 296.078
463 295.871
464 298.738
465 293.169
466 300.808
467 294.559
468 300.393
469 297.975
470 295.791
471 292.558
472 300.692
473 296.353
474 296.218
475 295.754
476 296.274
477 298.686
478 295.875
479 295.317
480 295.318
481 295.095
482 294.661
483 300.871
484 299.39
485 302.243
486 297.113
487 292.694
488 303.19
489 295.697
490 296.501
491 295.754
492 296.387
493 298.377
494 298.137
495 297.205
496 307.105
497 298.447
498 299.452
499 300.556
500 296.577
501 300.412
502 295.986
503 297.14
504 301.127
505 295.36
506 294.797
507 297.91
508 297.14
509 300.779
510 294.796
511 303.568
512 295.776
513 295.395
514 295.84
515 294.378
516 295.433
517 298.695
518 300.731
519 298.217
520 293.096
521 296.527
522 304.385
523 302.364
524 306.074
525 297.115
526 298.015
527 297.129
528 299.973
529 290.462
530 293.917
531 293.749
532 298.857
533 299.272
534 288.462
535 299.366
536 296.036
537 294.18
538 297.003
539 293.667
540 294.92
541 294.611
542 294.428
543 292.577
544 292.994
545 296.176
546 293.344
547 293.604
548 301.22
549 298.446
550 293.642
551 297.338
552 295.66
553 298.556
554 291.474
555 295.523
556 297.722
557 298.913
558 296.592
559 299.272
560 296.192
561 295.402
562 292.918
563 296.415
564 296.911
565 296.205
566 294.575
567 296.379
568 300.973
569 298.415
570 297.979
571 299.058
572 293.223
573 293.476
574 298.499
575 296.656
576 298.299
577 299.603
578 296.022
579 294.783
580 300.285
581 299.27
582 298.697
583 296.278
584 299.098
585 295.88
586 297.581
587 293.386
588 293.763
589 293.126
590 299.393
591 294.485
592 293.436
593 295.141
594 297.064
595 295.422
596 297.709
597 289.273
598 302.191
599 288.608
600 296.181
601 298.452
602 295.25
603 295.624
604 293.433
605 294.316
606 295.68
607 302.618
608 295.25
609 297.693
610 297.9
611 296.406
612 295.097
613 298.82
614 293.477
615 291.821
616 300.324
617 296.107
618 298.174
619 294.395
620 296.611
621 297.705
622 297.468
623 298.747
624 293.898
625 296.515
626 294.208
627 300.015
628 295.318
629 293.593
630 295.863
631 303.321
632 294.083
633 298.912
634 296.735
635 295.747
636 295.462
637 294.508
638 295.617
639 295.742
640 296.789
641 302.763
642 295.925
643 301.48
644 296.815
645 296.595
646 301.916
647 298.527
648 297.409
649 299.349
650 295.106
651 294.486
652 295.0
653 300.023
654 299.138
655 296.012
656 294.591
657 298.316
658 293.115
659 301.191
660 297.352
661 296.376
662 301.709
663 295.953
664 295.269
665 299.249
666 297.237
667 296.965
668 291.514
669 298.558
670 295.297
671 295.451
672 299.519
673 294.927
674 296.435
675 297.125
676 302.512
677 294.58
678 294.898
679 295.792
680 297.666
681 299.401
682 299.775
683 295.036
684 295.811
685 296.941
686 300.924
687 297.535
688 293.271
689 293.095
690 297.043
691 294.65
692 294.213
693 298.507
694 302.739
695 300.092
696 297.52
697 303.697
698 294.482
699 295.882
700 298.822
701 295.477
702 294.051
703 295.809
704 303.642
705 292.993
706 301.126
707 292.252
708 296.945
709 301.644
710 293.994
711 294.687
712 295.404
713 295.41
714 299.52
715 296.508
716 292.221
717 295.896
718 293.832
719 294.949
720 296.604
721 300.926
722 292.144
723 294.638
724 295.468
725 297.713
726 295.624
727 295.89
728 294.727
729 298.265
730 295.862
731 294.099
732 297.433
733 295.457
734 295.839
735 294.862
736 295.365
737 304.451
738 298.602
739 294.573
740 302.238
741 270.885
742 292.259
743 299.516
744 301.724
745 297.146
746 295.27
747 295.31
748 295.735
749 299.426
750 295.608
751 299.72
752 293.728
753 295.547
754 301.849
755 294.788
756 296.757
757 297.367
758 299.554
759 295.494
760 288.299
761 299.302
762 293.911
763 295.28
764 294.586
765 290.999
766 299.306
767 300.454
768 296.059
769 296.646
770 292.177
771 301.096
772 304.446
773 293.702
774 293.055
775 294.161
776 292.768
777 294.379
778 221.35
779 296.049
780 298.972
781 295.908
782 297.807
783 298.581
784 295.456
785 292.645
786 295.115
787 296.845
788 293.576
789 295.293
790 291.515
791 293.068
792 294.652
793 295.934
794 297.519
795 300.135
796 298.925
797 291.656
798 291.188
799 298.623
800 291.463
801 294.966
802 298.399
803 300.786
804 300.969
805 294.232
806 295.721
807 297.229
808 293.415
809 293.852
810 298.365
811 297.099
812 300.292
813 292.06
814 298.828
815 298.516
816 293.208
817 294.916
818 294.121
819 297.926
820 295.65
821 292.179
822 293.189
823 301.73
824 293.703
825 299.952
826 294.077
827 295.425
828 302.614
829 294.469
830 288.066
831 247.576
832 293.76
833 293.31
834 299.656
835 296.093
836 292.966
837 301.947
838 291.167
839 301.595
840 299.32
841 292.807
842 290.775
843 298.103
844 294.648
845 301.633
846 299.613
847 296.35
848 299.092
849 299.389
850 293.608
851 295.709
852 298.183
853 471.282
854 290.98
855 292.129
856 269.014
857 287.21
858 287.719
859 282.68
860 282.367
861 282.439
862 282.975
863 283.416
864 284.615
865 285.068
866 282.709
867 281.35
868 279.964
869 279.675
870 279.789
871 279.641
872 269.542
873 276.518
874 269.284
875 53.8062
876 250.729
877 70.0383
878 73.1399
879 58.6025
880 40.1768
881 116.741
882 136.053
883 281.873
884 286.512
885 280.656
886 103.093
887 130.653
888 281.515
889 173.681
890 281.717
891 282.718
892 282.562
893 244.05
894 282.261
895 223.881
896 220.659
897 282.843
898 279.968
899 279.967
900 237.832
901 280.958
902 279.875
903 281.425
904 281.728
905 282.469
906 222.12
907 281.977
908 238.457
909 282.725
910 282.127
911 228.362
912 282.338
913 283.6
914 229.265
915 282.469
916 280.991
917 277.604
918 278.956
919 278.418
920 178.652
921 278.211
922 279.079
923 278.305
924 277.334
925 278.671
926 279.614
927 280.303
928 278.628
929 278.969
930 277.268
931 277.443
932 271.802
933 275.9
934 276.644
935 262.789
936 251.099
937 258.804
938 256.442
939 259.784
940 273.981
941 283.738
942 283.755
943 285.866
944 170.147
945 289.653
946 287.762
947 287.81
948 287.52
949 287.322
950 287.825
951 287.926
952 285.975
953 451.212
954 464.633
955 464.285
956 275.032
957 464.109
958 238.99
959 289.984
960 463.81
961 223.336
962 465.733
963 466.88
964 466.456
965 241.772
966 465.261
967 234.475
968 295.55
969 302.43
970 465.245
971 254.753
972 467.337
973 466.215
974 465.121
975 235.111
976 466.646
977 464.322
978 471.101
979 293.631
980 252.277
981 213.077
982 248.34
983 247.431
984 270.243
985 471.258
986 298.29
987 246.956
988 291.341
989 264.034
990 292.456
991 292.457
992 274.171
993 473.863
994 237.338
995 255.506
996 233.062
997 465.849
998 258.128
999 461.293
1000 467.301
1001 464.601
1002 459.717
1003 468.522
1004 467.933
1005 467.081
1006 465.7
1007 257.775
1008 467.086
1009 247.219
1010 470.303
1011 470.825
1012 241.812
1013 465.408
1014 463.707
1015 468.405
1016 467.41
1017 471.359
1018 230.397
1019 468.452
1020 471.086
1021 238.541
1022 470.975
1023 467.694
1024 469.036
1025 242.631
1026 470.266
1027 465.639
1028 465.082
1029 468.053
1030 471.606
1031 471.354
1032 471.475
1033 468.832
1034 471.12
1035 266.291
1036 471.527
1037 263.283
1038 276.849
1039 249.114
1040 471.52
1041 470.372
1042 270.725
1043 473.704
1044 472.023
1045 472.952
1046 471.823
1047 469.199
1048 468.614
1049 472.174
1050 242.608
1051 260.031
1052 474.973
1053 469.925
1054 467.907
1055 471.643
1056 232.422
1057 474.615
1058 239.275
1059 267.492
1060 473.944
1061 471.9
1062 470.246
1063 471.659
1064 473.383
1065 470.584
1066 254.612
1067 470.738
1068 466.264
1069 308.01
1070 296.663
1071 296.925
1072 301.098
1073 253.142
1074 473.303
1075 468.738
1076 275.37
1077 467.113
1078 471.202
1079 472.343
1080 219.636
1081 475.541
1082 473.469
1083 472.725
1084 474.577
1085 298.374
1086 466.97
1087 474.911
1088 473.023
1089 474.915
1090 472.381
1091 472.892
1092 476.094
1093 474.828
1094 474.025
1095 476.621
1096 474.63
1097 480.476
1098 485.801
1099 484.019
1100 475.437
1101 480.55
1102 477.265
1103 470.187
1104 472.789
1105 476.503
1106 475.61
1107 473.985
1108 474.604
1109 474.541
1110 472.04
1111 471.643
1112 472.82
1113 476.305
1114 473.924
1115 471.43
1116 471.348
1117 473.151
1118 471.779
1119 472.154
1120 470.372
1121 471.853
1122 473.176
1123 303.096
1124 472.936
1125 472.142
1126 472.455
1127 268.845
1128 468.601
1129 466.903
1130 470.647
1131 302.948
1132 269.084
1133 293.769
1134 295.637
1135 295.74
1136 298.715
1137 298.799
1138 473.319
1139 298.878
1140 301.598
1141 302.95
1142 473.083
1143 295.36
1144 473.225
1145 298.622
1146 300.604
1147 459.171
1148 475.499
1149 309.858
1150 470.967
1151 308.429
1152 295.168
1153 473.648
1154 291.756
1155 306.772
1156 468.988
1157 297.652
1158 471.426
1159 472.29
1160 473.845
1161 307.208
1162 462.375
1163 478.33
1164 471.414
1165 472.981
1166 472.576
1167 469.934
1168 475.079
1169 472.578
1170 304.214
1171 474.451
1172 294.744
1173 295.169
1174 480.418
1175 300.129
1176 297.176
1177 295.516
1178 474.514
1179 309.206
1180 298.764
1181 294.644
1182 465.457
1183 475.878
1184 471.901
1185 297.057
1186 474.05
1187 475.099
1188 299.161
1189 473.567
1190 457.443
1191 307.211
1192 307.574
1193 468.038
1194 470.762
1195 468.221
1196 299.803
1197 471.455
1198 304.779
1199 305.83
1200 470.315
1201 470.451
1202 303.53
1203 307.228
1204 298.844
1205 469.716
1206 466.234
1207 462.983
1208 469.901
1209 470.74
1210 468.953
1211 469.07
1212 469.65
1213 306.4
1214 470.969
1215 471.588
1216 301.226
1217 470.658
1218 300.105
1219 473.253
1220 477.981
1221 298.777
1222 492.016
1223 468.671
1224 473.035
1225 302.667
1226 472.107
1227 302.893
1228 301.948
1229 299.99
1230 243.051
1231 476.173
1232 575.618
1233 472.524
1234 475.099
1235 302.015
1236 302.435
1237 305.802
1238 306.553
1239 300.81
1240 468.637
1241 582.223
1242 301.601
1243 469.852
1244 304.796
1245 303.591
1246 478.753
1247 302.329
1248 303.6
1249 292.695
1250 475.585
1251 483.395
1252 579.401
1253 480.354
1254 464.59
1255 472.787
1256 466.431
1257 300.973
1258 483.812
1259 469.623
1260 588.74
1261 584.807
1262 468.442
1263 657.027
1264 585.597
1265 592.928
1266 492.384
1267 656.902
1268 472.191
1269 471.37
1270 472.789
1271 473.426
1272 306.11
1273 453.837
1274 471.659
1275 476.896
1276 291.514
1277 700.621
1278 593.592
1279 589.436
1280 587.748
1281 591.642
1282 589.392
1283 589.484
1284 491.704
1285 584.026
1286 593.658
1287 479.872
1288 591.844
1289 588.933
1290 588.49
1291 594.513
1292 591.849
1293 299.375
1294 589.266
1295 594.394
1296 594.689
1297 1458.56
1298 590.134
1299 497.537
1300 598.154
1301 915.519
1302 906.231
1303 658.899
1304 301.71
1305 656.927
1306 882.831
1307 589.041
1308 593.035
1309 595.767
1310 591.386
1311 888.164
1312 586.853
1313 303.957
1314 595.796
1315 592.571
1316 302.513
1317 592.75
1318 287.768
1319 296.008
1320 290.421
1321 296.494
1322 292.461
1323 290.879
1324 589.518
1325 591.622
1326 887.765
1327 299.998
1328 482.975
1329 294.846
1330 585.794
1331 596.363
1332 888.956
1333 596.598
1334 1334.04
1335 917.292
1336 489.967
1337 593.087
1338 916.086
1339 908.182
1340 888.134
1341 944.422
1342 480.503
1343 490.086
1344 481.511
1345 704.039
1346 289.18
1347 478.957
1348 705.822
1349 481.988
1350 708.997
1351 692.631
1352 299.417
1353 708.268
1354 479.484
1355 294.457
1356 708.137
1357 704.165
1358 692.582
1359 701.526
1360 693.883
1361 703.592
1362 703.711
1363 708.147
1364 707.945
1365 712.493
1366 1459.01
1367 707.263
1368 738.536
1369 714.933
1370 1321.22
1371 889.808
1372 1464.35
1373 892.817
1374 733.801
1375 1410.95
1376 476.172
1377 734.744
1378 737.237
1379 1383.62
1380 1404.75
1381 1183.92
1382 477.831
1383 737.127
1384 891.214
1385 1017.26
1386 1358.13
1387 479.257
1388 482.432
1389 1391.98
1390 887.621
1391 886.68
1392 1467.17
1393 889.574
1394 895.544
1395 900.974
1396 889.601
1397 900.069
1398 476.716
1399 474.862
1400 890.735
1401 1465.32
1402 1364.22
1403 1322.35
1404 889.267
1405 1309.2
1406 477.526
1407 891.69
1408 990.294
1409 483.795
1410 1290.36
1411 488.522
1412 296.526
1413 476.21
1414 474.953
1415 476.295
1416 476.058
1417 474.768
1418 1298.91
1419 474.599
1420 477.649
1421 474.271
1422 476.746
1423 299.821
1424 475.726
1425 294.307
1426 291.343
1427 296.708
1428 294.875
1429 295.126
1430 298.859
1431 473.921
1432 475.269
1433 476.754
1434 477.923
1435 908.807
1436 478.295
1437 288.091
1438 1288.24
1439 477.375
1440 475.574
1441 292.241
1442 476.808
1443 293.066
1444 294.59
1445 295.652
1446 295.928
1447 291.876
1448 480.572
1449 478.889
1450 293.089
1451 474.06
1452 291.598
1453 479.519
1454 297.456
1455 294.517
1456 292.135
1457 295.672
1458 295.783
1459 295.032
1460 297.199
1461 479.077
1462 474.416
1463 474.894
1464 477.956
1465 476.635
1466 473.676
1467 287.458
1468 298.025
1469 478.95
1470 474.006
1471 288.302
1472 481.345
1473 474.205
1474 474.829
1475 476.562
1476 476.314
1477 296.382
1478 295.691
1479 477.162
1480 297.233
1481 475.698
1482 479.186
1483 473.654
1484 295.629
1485 297.527
1486 475.942
1487 476.012
1488 482.544
1489 474.476
1490 474.964
1491 477.912
1492 479.804
1493 478.678
1494 297.224
1495 300.786
1496 900.312
1497 299.426
1498 484.144
1499 298.497
1500 298.139
1501 296.527
1502 474.942
1503 476.994
1504 301.851
1505 1262.27
1506 294.81
1507 482.477
1508 477.009
1509 1287.05
1510 905.198
1511 476.628
1512 476.801
1513 478.381
1514 477.59
1515 477.245
1516 481.604
1517 482.813
1518 296.705
1519 298.821
1520 903.539
1521 478.017
1522 479.046
1523 486.105
1524 482.931
1525 907.229
1526 909.09
1527 477.836
1528 908.267
1529 478.77
1530 912.425
1531 477.718
1532 481.931
1533 482.055
1534 906.371
1535 479.367
1536 914.12
1537 481.96
1538 478.322
1539 908.708
1540 1280.83
1541 481.05
1542 479.958
1543 477.68
1544 476.052
1545 1259.12
1546 908.276
1547 1253.65
1548 1278.26
1549 556.766
1550 978.112
1551 945.501
1552 1338.42
1553 911.536
1554 704.941
1555 923.428
1556 925.024
1557 944.85
1558 1317.56
1559 483.488
1560 1334.14
1561 938.281
1562 1258.52
1563 2691.99
1564 957.525
1565 983.576
1566 716.952
1567 2691.06
1568 997.758
1569 1301.65
1570 919.165
1571 710.936
1572 926.17
1573 1258.75
1574 1450.96
1575 926.076
1576 484.595
1577 483.104
1578 943.827
1579 937.475
1580 1326.62
1581 1324.42
1582 715.128
1583 716.685
1584 1343.9
1585 481.286
1586 1283.34
1587 1319.85
1588 482.202
1589 479.803
1590 482.511
1591 1288.92
1592 1284.3
1593 1284.99
1594 1281.91
1595 1435.5
1596 704.972
1597 709.177
1598 1287.93
1599 929.724
1600 1417.25
1601 705.215
1602 1433.24
1603 1438.04
1604 951.661
1605 1274.63
1606 1292.45
1607 1300.61
1608 2688.43
1609 483.699
1610 1452.8
1611 2694.83
1612 658.536
1613 905.826
1614 1192.51
1615 1436.58
1616 2689.91
1617 1303.31
1618 972.929
1619 1707.63
1620 1428.08
1621 2692.04
1622 722.481
1623 999.508
1624 1691.66
1625 713.32
1626 2695.04
1627 2692.6
1628 961.761
1629 1718.85
1630 715.552
1631 1335.54
1632 902.049
1633 1448.81
1634 972.076
1635 1457.08
1636 1407.02
1637 715.598
1638 1330.17
1639 715.645
1640 1451.31
1641 2691.0
1642 2689.23
1643 2688.89
1644 1980.95
1645 906.723
1646 2691.69
1647 945.574
1648 1262.96
1649 1301.51
1650 928.71
1651 1302.58
1652 945.434
1653 1324.15
1654 957.919
1655 983.382
1656 927.713
1657 1471.89
1658 1332.77
1659 485.279
1660 2689.04
1661 953.552
1662 948.612
1663 2695.55
1664 906.64
1665 936.098
1666 972.499
1667 1405.51
1668 933.609
1669 975.767
1670 1435.85
1671 923.325
1672 2696.06
1673 954.668
1674 926.796
1675 499.204
1676 925.902
1677 919.785
1678 2693.42
1679 708.545
1680 908.631
1681 962.124
1682 935.534
1683 909.748
1684 940.817
1685 905.065
1686 908.432
1687 905.089
1688 2687.59
1689 1471.05
1690 1471.82
1691 1466.75
1692 980.24
1693 923.99
1694 961.318
1695 909.035
1696 919.409
1697 2694.19
1698 972.147
1699 1358.59
1700 959.762
1701 2691.21
1702 2696.18
1703 925.517
1704 2309.85
1705 988.22
1706 1299.06
1707 910.017
1708 902.226
1709 1463.47
1710 985.09
1711 904.256
1712 1465.36
1713 925.075
1714 904.189
1715 905.952
1716 1465.74
1717 934.87
1718 911.741
1719 905.83
1720 932.752
1721 941.489
1722 1463.93
1723 906.38
1724 949.049
1725 975.673
1726 953.968
1727 934.377
1728 960.85
1729 924.129
1730 2695.16
1731 948.397
1732 1449.67
1733 941.908
1734 1458.61
1735 905.204
1736 903.964
1737 910.125
1738 902.545
1739 945.286
1740 927.574
1741 955.737
1742 1463.62
1743 911.619
1744 919.909
1745 947.935
1746 918.656
1747 913.164
1748 2694.43
1749 927.377
1750 1477.51
1751 925.691
1752 1462.79
1753 947.872
1754 956.519
1755 2688.62
1756 920.544
1757 973.965
1758 1296.15
1759 951.892
1760 951.247
1761 909.46
1762 913.531
1763 2175.83
1764 2687.73
1765 978.993
1766 923.924
1767 911.495
1768 1306.19
1769 1166.67
1770 1443.16
1771 2687.68
1772 2691.89
1773 2693.51
1774 2691.59
1775 2696.06
1776 2688.66
1777 715.42
1778 2690.06
1779 2690.88
1780 2694.59
1781 2691.61
1782 913.805
1783 2688.09
1784 1276.09
1785 656.909
1786 1312.84
1787 907.718
1788 892.87
1789 1301.04
1790 1296.43
1791 2690.57
1792 657.246
1793 2691.19
1794 955.804
1795 2695.25
1796 2695.34
1797 715.64
1798 2694.17
1799 2690.37
1800 943.157
1801 909.124
1802 2687.74
1803 1473.09
1804 1448.14
1805 2688.66
1806 2694.37
1807 1401.85
1808 2688.77
1809 2692.79
1810 2688.75
1811 2688.49
1812 905.496
1813 2691.99
1814 2692.05
1815 2692.19
1816 1477.19
1817 2690.78
1818 2687.59
1819 2689.31
1820 2689.77
1821 2689.7
1822 2695.97
1823 2688.02
1824 2695.28
1825 2689.24
1826 2695.62
1827 2692.38
1828 2693.85
1829 2695.95
1830 2688.53
1831 931.925
1832 2690.64
1833 2694.98
1834 2695.05
1835 1464.98
1836 2692.6
1837 2693.51
1838 2688.96
1839 2691.83
1840 2690.87
1841 656.121
1842 926.091
1843 2691.55
1844 2687.59
1845 2692.96
1846 2689.26
1847 214.597
1848 2695.57
1849 2690.07
1850 907.615
1851 2689.01
1852 1461.03
1853 2696.24
1854 1464.92
1855 907.375
1856 2690.93
1857 927.523
1858 2689.75
1859 2690.28
1860 2693.7
1861 2691.82
1862 655.328
1863 909.244
1864 2147.59
1865 2692.38
1866 917.664
1867 2691.46
1868 905.442
1869 2691.65
1870 908.947
1871 2695.11
1872 901.271
1873 2693.41
1874 2692.92
1875 2688.82
1876 2688.56
1877 2695.69
1878 2692.05
1879 1471.87
1880 908.27
1881 2694.18
1882 1447.54
1883 2694.83
1884 2695.55
1885 2687.71
1886 2690.06
1887 909.989
1888 1437.97
1889 1463.51
1890 906.427
1891 2694.27
1892 909.8
1893 2696.19
1894 2690.61
1895 2692.65
1896 2694.62
1897 2688.76
1898 2696.31
1899 2694.48
1900 2690.93
1901 2690.44
1902 2688.4
1903 1428.33
1904 905.7
1905 2694.04
1906 2693.97
1907 2693.48
1908 1465.64
1909 903.995
1910 2691.03
1911 2693.47
1912 2690.02
1913 930.864
1914 2694.43
1915 2694.99
1916 905.906
1917 2034.5
1918 2688.47
1919 2692.63
1920 2688.92
1921 2687.92
1922 2695.79
1923 2694.98
1924 2692.26
1925 2695.61
1926 2694.31
1927 1447.08
1928 2693.62
1929 2689.19
1930 2690.72
1931 2691.86
1932 1736.02
1933 2693.44
1934 1459.32
1935 2688.83
1936 284.615
1937 2695.18
1938 2688.62
1939 2687.8
1940 2695.84
1941 569.337
1942 2689.31
1943 2689.93
1944 283.844
1945 2694.28
1946 2689.59
1947 2693.02
1948 2693.96
1949 2689.14
1950 2494.47
1951 2693.51
1952 2687.84
1953 2690.08
1954 2694.66
1955 2257.42
1956 302.253
1957 2688.57
1958 2691.65
1959 2691.05
1960 2688.39
1961 2689.04
1962 2693.89
1963 2693.83
1964 2691.21
1965 295.542
1966 2695.67
1967 2692.37
1968 2696.04
1969 2689.87
1970 2695.06
1971 2693.73
1972 2690.86
1973 2527.39
1974 2691.79
1975 920.73
1976 2692.05
1977 2687.86
1978 2692.2
1979 2688.96
1980 2695.78
1981 2689.98
1982 2695.35
1983 2691.23
1984 2688.05
1985 2690.52
1986 2693.93
1987 2694.16
1988 2695.82
1989 2688.39
1990 2692.58
1991 2690.21
1992 2688.2
1993 2691.19
1994 2693.27
1995 2691.81
1996 2694.33
1997 695.892
1998 2690.06
1999 2687.92
