0.54680824
3.8358512
4.1933994
0.84121567
0.5333321
1.121797
4.280481
0.2360496
1.3048967
4.4395347
0.0
2.151894
0.32963032
4.439777
1.3331144
4.0543
3.6540039
1.4381459
14.618977
4.2262497
4.2041335
0.97330064
1.017476
0.0
4.509916
1.7984217
0.0
3.8707933
2.0063646
0.0
0.8518782
0.40018192
3.761171
4.224764
3.9410777
1.8008951
3.8167593
2.9455593
4.123693
1.0756166
3.6301
14.125081
0.68794733
0.28015724
4.1721168
2.6849308
1.2658204
4.190119
4.312
1.4645952
1.540461
0.08233813
1.6013436
4.187063
3.2565331
1.7904005
0.89579403
4.3539543
3.3178003
2.1197257
4.2397413
4.1926346
0.67231107
1.8088914
1.6098669
2.8823693
0.0
4.0654135
1.3091321
0.69443333
3.9573274
0.5753333
0.0
0.0
0.28023696
0.99417686
1.1337234
2.2199352
3.9778829
4.260316
4.2950745
1.1455534
14.507646
5.919476
1.2410203
1.5364045
4.2519255
1.407309
4.1689177
4.159635
4.447363
1.4417909
4.333444
1.8631458
0.45811254
4.0252175
4.190767
3.5388393
2.704123
3.42312
3.572486
4.0823298
1.0884612
0.5578327
3.9700255
1.9550853
4.0190053
0.42615965
0.0
0.6156032
2.9102304
1.3929203
4.1049743
4.515197
1.3895437
4.217526
1.674652
0.6070753
1.1974142
3.66147
0.38281113
1.0403671
0.0
3.6313493
0.0
4.2552757
2.397133
1.2894363
4.545183
1.8587135
4.1287713
4.445331
3.8856533
0.0
0.66019166
1.482472
3.7675214
3.661872
3.8014271
4.209402
1.6441641
4.1381774
4.10315
1.703878
4.164338
3.8452573
0.18657547
3.5274293
2.5344718
2.907132
3.594833
0.9038723
4.3351154
2.6548896
4.331205
0.0
0.36023018
1.8273927
1.027258
4.1631093
4.426049
1.8483127
0.7451657
1.2764242
0.46599188
4.2480483
0.9119839
0.64541805
0.6511905
3.9538696
4.221972
0.9034997
0.73024577
1.5311323
1.7156092
0.0
0.53300846
4.0531073
3.490917
1.1866757
0.63966584
0.40315813
3.7111266
0.44221923
4.27896
3.57454
1.0347611
2.0441594
4.4907913
0.6159258
4.2823424
2.2661397
0.727249
4.0295033
4.213281
0.7382583
0.90913874
0.0
2.2247925
0.9282841
4.1160126
1.2249019
3.147907
4.1836157
0.76547456
3.933998
2.6102636
4.5724325
4.1974945
4.089127
3.7586372
3.8090324
0.55170244
3.9878929
3.9191256
1.1304384
3.4577048
0.23014353
3.154754
4.0688105
0.97433496
1.2113285
1.9233986
4.136364
0.106522776
1.5657586
0.20115077
1.5749009
0.83578056
0.0
0.50033337
1.0511322
4.6206694
1.4850591
1.5906755
1.1122613
0.0
3.83387
1.9030751
4.10769
0.0
1.3064259
0.0
3.5345678
0.6388168
0.9991195
0.0
4.0432587
3.7107563
2.4345627
0.0
3.9573734
0.6822413
0.49518684
1.0576925
0.65941435
4.199089
0.48020393
1.1036042
0.8314916
2.043469
0.9465786
1.2981632
1.3622904
4.023778
0.0
4.1191916
0.7221105
1.6141359
3.0335217
3.471817
4.1880403
2.603015
4.255445
4.047368
0.97911406
1.8638519
1.333719
0.3169885
2.889914
0.58996356
4.076064
4.347873
0.42978755
4.3717623
1.2209121
1.425175
0.53286564
0.4675173
4.366218
1.6188664
3.8698547
4.106504
4.306216
1.1075976
1.1757032
0.6414203
3.1593716
3.5114279
4.3284283
0.0
0.8939882
0.0
1.095317
2.5134377
0.69571847
1.374543
0.40600806
0.0
0.89824843
3.8610063
4.067521
1.2609195
0.5445849
4.4877396
1.2470345
4.1931276
3.9056048
3.069517
0.7699268
4.000029
0.7703726
0.96219194
0.0
4.2677164
3.807312
3.796444
0.8639359
3.9842625
4.372942
3.9962232
3.1727524
0.5819211
0.0
0.0
0.43667105
0.37812012
1.6550161
0.7797218
4.2020717
1.4342668
3.4631953
4.0204935
3.2863066
4.546206
3.5601325
3.885034
3.2204561
0.0
3.0943968
0.42726985
3.8813214
2.3897595
0.0
3.67162
0.77692735
0.0
1.0287426
1.0604589
0.97258586
0.6511914
4.242641
3.9295352
0.7025989
3.9920018
1.2882015
0.48859918
1.8358014
1.2056644
0.79120433
0.57205254
1.5277084
0.6877508
2.4606183
1.2482285
4.665498
0.96495867
2.6311545
1.2938163
3.824792
2.6048517
0.0
4.363713
0.0
2.9131045
0.6163648
4.3153296
0.53761166
0.76892227
0.063166335
3.5998209
1.0118917
4.229511
0.0
1.700588
1.9516327
1.722786
7.6237144
3.9550338
4.5449457
0.57109505
4.0181994
1.4915279
0.0
3.7166047
0.9572974
1.1214896
4.0008907
2.434524
0.739715
4.1278324
1.8592405
0.0
4.0973372
0.16601747
4.020796
4.3165717
1.1208248
0.6280668
0.0
2.5017366
0.0
3.1684237
2.0528972
4.2991233
0.6082062
4.416196
0.89959157
3.9199305
4.280328
4.4032316
0.7105535
3.812508
3.8776014
3.905832
1.2214981
2.4643288
3.9724193
0.880364
0.0
0.8381046
4.3478923
1.1032884
2.8642204
2.088665
2.9568222
2.8937614
0.8405685
1.5981008
3.795453
0.69485515
1.068401
3.9902475
0.5435458
0.2974665
1.4974799
0.15413484
0.8022061
5.4804893
0.81304973
1.9603609
0.57601446
1.717672
3.5445
4.1651077
3.7278848
0.0
3.21936
3.9268813
0.6823746
3.9678686
3.9199018
1.2211974
4.135089
0.0
0.0
4.11641
1.3318955
0.0
0.75147015
1.3028162
3.8873086
1.1510024
3.6575477
1.1654452
1.359044
3.9374828
0.94863343
3.3163056
3.0052888
1.2207552
3.7502227
3.9699702
0.0
3.8899863
0.0
4.02814
1.9948697
3.756474
0.0
1.7994933
0.0
0.5786685
0.8891825
4.7410564
0.0
0.0
1.5765996
3.6990075
0.5488342
0.7058203
1.5904526
1.4668821
1.0244514
3.7531002
4.0292215
3.381955
3.7852237
0.96064126
2.9081924
0.71689403
2.5133555
0.92776746
3.6176784
1.008475
0.31893688
4.282648
1.2987549
0.70005715
4.2788167
3.6541455
1.6140449
2.2412853
1.4621862
0.9110836
3.7223816
0.829399
0.7793413
0.61246926
0.8366025
0.946181
3.9717712
0.8061243
1.3458756
1.9150088
1.2571652
2.467222
4.25161
3.91607
4.0185847
1.3622274
4.1505904
4.6314282
0.6390652
4.4660153
2.6416166
4.109632
1.1002853
6.6589103
0.5131814
1.7683015
0.4137489
2.022451
2.6808646
2.5040076
4.1230927
3.2416375
4.104554
0.5196576
0.32275593
2.293986
3.7859194
0.7797513
0.99663454
2.0003686
0.61197466
0.84750384
3.6591516
3.3364785
1.2585598
3.7453034
4.4228473
3.742171
3.8543644
0.56424564
0.93932784
0.9504007
1.0560479
1.5347873
3.8657498
1.2058934
4.302626
3.8921983
3.816194
4.0637846
0.0
4.018642
1.1818414
3.8508494
3.7764297
