0.55851376
3.8544688
4.208424
0.8528207
0.53848094
1.1277949
4.300737
0.24037468
1.3152037
4.460918
0.0
2.1675146
0.3347079
4.46576
1.336522
4.0819716
3.6750093
1.4471552
14.694927
4.2413015
4.2267456
0.9747067
1.0232763
0.0
4.53693
1.8132215
0.0
3.8874657
2.0204923
0.0
0.8610974
0.4030637
3.778646
4.2446585
3.9620547
1.8060496
3.8413677
2.9614127
4.140765
1.0850214
3.644714
14.201941
0.6983393
0.28911054
4.1949224
2.6995616
1.2716656
4.2135286
4.3294253
1.4742289
1.5461091
0.08219512
1.6122555
4.2031474
3.2758949
1.8069575
0.90416217
4.371946
3.3284407
2.134266
4.2575464
4.212286
0.6731487
1.8206187
1.6159434
2.8944652
0.0
4.086483
1.3126582
0.69644153
3.9747474
0.57931346
0.0
0.0
0.28123602
0.99939406
1.1393131
2.233836
3.9979563
4.279951
4.316917
1.1498034
14.585509
5.9479747
1.2484894
1.5471773
4.2715483
1.4179381
4.1934743
4.185245
4.471249
1.4568676
4.3560276
1.8729088
0.45999444
4.0484405
4.2195225
3.5558174
2.7191849
3.4394298
3.5881102
4.1015635
1.0956336
0.55964655
3.9942133
1.9678485
4.0367165
0.42873228
0.0
0.6193981
2.930397
1.4001093
4.11971
4.5402637
1.3984977
4.240296
1.677063
0.6140205
1.2048087
3.6801167
0.38445258
1.0464634
0.0
3.647251
0.0
4.274903
2.4097726
1.2995332
4.5617037
1.8701072
4.1531734
4.4697924
3.9049935
0.0
0.6626122
1.4917529
3.785756
3.6756954
3.8263104
4.226827
1.6497813
4.1535673
4.125644
1.7107676
4.1828847
3.8614185
0.19640303
3.539842
2.5479255
2.9190261
3.6060593
0.91296
4.358249
2.6669853
4.353145
0.0
0.3585748
1.8428339
1.0344836
4.1871657
4.4524407
1.8577902
0.7508209
1.2805747
0.47290763
4.2682467
0.92358553
0.6526839
0.65732867
3.97159
4.2379045
0.911215
0.7350003
1.5385252
1.726158
0.0
0.5332114
4.0726004
3.5049546
1.1975446
0.6478747
0.41255528
3.725289
0.44236162
4.308268
3.5926976
1.0434444
2.0579143
4.514474
0.62213874
4.3030944
2.2774904
0.7281637
4.0463424
4.233768
0.74670994
0.9202426
0.0
2.2343416
0.9393033
4.1337085
1.2294723
3.1636884
4.20674
0.7767318
3.9554524
2.6263425
4.595908
4.218791
4.113869
3.775676
3.8284047
0.5605659
4.0064607
3.9346828
1.1393584
3.4778843
0.22980724
3.1749713
4.085623
0.98206544
1.218702
1.9311559
4.162085
0.105736
1.5788646
0.20129901
1.5841602
0.85059416
0.0
0.50911576
1.0570302
4.645306
1.4930387
1.6011391
1.1186855
0.0
3.8514478
1.9095445
4.1287427
0.0
1.3204195
0.0
3.5469725
0.64792484
1.0061033
0.0
4.0636263
3.7262943
2.4475372
0.0
3.9780142
0.6877754
0.49698398
1.0681272
0.6622048
4.2199326
0.4871132
1.1096206
0.8428951
2.0577683
0.9521676
1.3110327
1.3680427
4.0388227
0.0
4.1419377
0.7333673
1.6211218
3.0508566
3.488998
4.2110167
2.6145844
4.282579
4.0643096
0.98875785
1.8765013
1.3382233
0.32582515
2.9107156
0.59887344
4.094987
4.3698773
0.4311029
4.396282
1.2301271
1.4337418
0.53216887
0.47040015
4.382471
1.6344582
3.886959
4.1315103
4.3296432
1.110216
1.1859587
0.6466184
3.1758676
3.5355327
4.3464036
0.0
0.9000059
0.0
1.1039907
2.5230832
0.7009698
1.3746605
0.4032697
0.0
0.89663494
3.87322
4.091434
1.2709925
0.5461852
4.5091376
1.2545539
4.2106814
3.9206991
3.086353
0.779965
4.021256
0.7797742
0.96598434
0.0
4.2877526
3.8169587
3.813985
0.8738837
4.011067
4.3917456
4.0220695
3.193465
0.58771294
0.0
0.0
0.4419086
0.38551155
1.6662731
0.789255
4.221521
1.439137
3.4859154
4.039046
3.3047485
4.5657907
3.5782633
3.910961
3.2358267
0.0
3.1176043
0.43511638
3.8998137
2.397173
0.0
3.6899056
0.78850347
0.0
1.0313903
1.0690496
0.98113406
0.6536675
4.266383
3.9450448
0.7135108
4.0096993
1.2996417
0.49607533
1.844023
1.2115207
0.797573
0.56938046
1.5353401
0.69386375
2.4713483
1.2535764
4.6951275
0.9741292
2.6413333
1.3072952
3.847748
2.6198
0.0
4.3868594
0.0
2.930945
0.6244938
4.335792
0.5395071
0.779022
0.06610462
3.6132734
1.0192544
4.2521267
0.0
1.7140071
1.9630421
1.7352458
7.6650467
3.971889
4.566369
0.5789592
4.0311713
1.4971762
0.0
3.738292
0.9664025
1.1226187
4.0198855
2.443757
0.7474357
4.1519194
1.8612655
0.0
4.118503
0.16303973
4.042386
4.333253
1.1261804
0.63443524
0.0
2.5099118
0.0
3.185348
2.064365
4.3210053
0.6161261
4.4426765
0.9044068
3.9452028
4.2991085
4.420932
0.7136761
3.831544
3.89225
3.925901
1.230373
2.4782832
3.994707
0.8876214
0.0
0.8474646
4.3702254
1.1115829
2.8809557
2.1007044
2.9756978
2.909318
0.84886277
1.6066327
3.810631
0.70102763
1.0797896
4.0121164
0.54454553
0.30098027
1.5005744
0.15569325
0.81104994
5.5046253
0.8240944
1.9695308
0.57963234
1.7317765
3.5569632
4.187646
3.746106
0.0
3.2404792
3.9458158
0.68866646
3.9914138
3.9388618
1.2277619
4.153587
0.0
0.0
4.142828
1.339077
0.0
0.7557667
1.3119348
3.9110708
1.1593221
3.6783726
1.1739198
1.3640996
3.96031
0.9577838
3.3283288
3.021027
1.2280741
3.7664688
3.9862711
0.0
3.9117107
0.0
4.052609
2.0125716
3.7765243
0.0
1.809425
0.0
0.578028
0.8944514
4.7644033
0.0
0.0
1.5829681
3.718283
0.5551708
0.70995027
1.5999876
1.4807539
1.0385945
3.7691026
4.045634
3.39811
3.8017387
0.9666211
2.9261882
0.7235437
2.5233805
0.93849003
3.637604
1.0179801
0.3235908
4.301934
1.3079063
0.70248413
4.3023086
3.6731932
1.6287037
2.2518744
1.4704347
0.91610205
3.7419524
0.83822525
0.78528416
0.6214785
0.841365
0.9567655
3.992442
0.8163285
1.3570551
1.9241891
1.264563
2.4830053
4.2770963
3.9389477
4.0404696
1.3824761
4.168736
4.6548996
0.6530736
4.4903703
2.6559653
4.130969
1.1146295
6.693023
0.5114552
1.7791911
0.42030197
2.0372128
2.700941
2.5138366
4.141578
3.2561624
4.1252556
0.52074105
0.32368493
2.3066444
3.804798
0.7853372
1.0089011
2.0177846
0.6122336
0.85474825
3.676147
3.351906
1.2668595
3.7638147
4.4425874
3.7592967
3.8700674
0.56692636
0.94232845
0.959359
1.0706868
1.5388309
3.8828025
1.2055134
4.324664
3.9126296
3.8307521
4.081374
0.0
4.036302
1.1850792
3.8679802
3.7958827
