0.51122487
1.9952916
2.174178
0.48550236
0.4153785
0.54898864
2.27822
0.26211235
0.6929343
2.2578382
0.0
1.2143289
0.38651684
2.2911599
0.81912965
2.1972406
2.070295
0.93482107
7.600678
2.073912
2.299388
0.5750352
0.53025573
0.0
2.4015489
1.0066286
0.0
2.0499816
1.2193618
0.0
0.4839734
0.32688063
1.9968699
2.2432463
2.12336
1.1241443
1.9820389
1.5548966
2.0768452
0.6565237
2.0289679
7.3941507
0.41519403
0.20099194
2.1368456
1.4511553
0.7499609
2.2455478
2.195487
0.94563794
1.0059525
0.0
0.89733326
2.2134876
1.8048303
1.1132292
0.59352326
2.364349
1.7641506
1.2161269
2.2263784
2.2086544
0.48231426
1.0240614
0.87209487
1.4800737
0.0
2.115142
0.9038407
0.538337
2.0762582
0.51503825
0.0
0.0
0.18782023
0.70444363
0.713054
1.2461671
2.099686
2.2963831
2.2358131
0.641965
7.651906
3.1465013
0.7793234
0.9966041
2.2369566
0.8766887
2.1904087
2.1811628
2.391989
0.8400616
2.2995307
1.0014291
0.39214656
2.0289433
2.1117527
1.9429126
1.3475752
1.79513
1.9555278
2.190519
0.7206528
0.3750564
2.0294874
1.1039093
2.1649098
0.39068317
0.0
0.4453206
1.5135493
0.8480249
2.155023
2.3651965
0.7737008
2.26721
0.931716
0.39131945
0.78142184
1.8873539
0.3720441
0.6841569
0.0
2.0488298
0.0
2.3823502
1.3106676
0.75026083
2.3588738
1.0775805
2.1306055
2.3180375
2.068905
0.0
0.48629686
0.95937616
1.8956876
1.922025
1.8811613
2.2162206
0.89116615
2.1992497
2.2463856
0.9824096
2.2044835
2.0674388
0.18437804
1.8666425
1.4467673
1.5511211
1.8115501
0.7167948
2.2878711
1.4848444
2.2842157
0.0
0.28851172
1.1378212
0.7482134
2.2836492
2.3257642
0.9954071
0.46135104
0.71569246
0.39500216
2.1643577
0.7064304
0.36327532
0.5700131
2.0240655
2.143699
0.6833972
0.72214717
0.76367533
0.9232085
0.0
0.3764259
2.1055133
1.8825363
0.69725186
0.48579472
0.39465523
2.0040193
0.3294571
2.1817257
1.8604327
0.71895707
1.1979123
2.3066614
0.5598749
2.1761122
1.1997663
0.57049674
2.0707393
2.116665
0.4172595
0.5606243
0.0
1.2852815
0.72688454
2.0658195
0.6948005
1.6813191
2.1828933
0.6005069
2.0634973
1.3655605
2.4065387
2.1284993
2.1149929
2.0535254
2.0350738
0.28798616
2.062921
2.0554368
0.73506427
1.9096179
0.23787145
1.7540481
2.1485968
0.6545321
0.7399453
1.1068565
2.131265
0.107882634
0.93556076
0.17163903
0.9366529
0.6363083
0.0
0.48472047
0.83336085
2.5948942
0.8057524
0.87017626
0.6313505
0.0
2.0201995
1.0900109
2.1373584
0.0
0.7952727
0.0
2.0016398
0.55076647
0.67859334
0.0
2.112002
1.9261512
1.3982462
0.0
2.1186101
0.58377236
0.53027076
0.5365115
0.53790534
2.1347213
0.3348436
0.7255549
0.56546605
1.2140812
0.51380193
0.73461485
0.8814071
2.1540856
0.0
2.0982413
0.4868251
0.96159905
1.6009234
1.9501854
2.2377474
1.4419583
2.2349496
2.262397
0.6013428
1.0883507
0.7918332
0.25368214
1.4706161
0.4084075
2.143978
2.304715
0.36346358
2.290889
0.7911643
0.9274968
0.37196958
0.40815842
2.30095
0.94766295
2.0550256
2.2104275
2.3180037
0.6436926
0.76692003
0.6371863
1.725377
1.775216
2.1971924
0.0
0.726198
0.0
0.7900479
1.4316376
0.5172996
0.7847508
0.29698232
0.0
0.5775995
2.034732
2.1448376
0.88822824
0.44164127
2.3156977
0.88634056
2.2300014
2.0287077
1.6515757
0.7301873
2.1496706
0.5825972
0.5419642
0.0
2.1874616
2.0761533
2.102177
0.5894304
2.1494884
2.3450294
2.1254952
1.7792935
0.37235147
0.0
0.0
0.41123793
0.33574143
0.95636815
0.5877892
2.1797073
0.9394959
1.8318188
1.9890357
1.7814296
2.2365408
1.9521937
1.9984461
1.8368951
0.0
1.6419735
0.38795218
2.047547
1.2441245
0.0
1.9298668
0.6080983
0.0
0.47810575
0.6865861
0.6649475
0.42976975
2.269885
2.0536842
0.3890549
2.1728847
0.7425816
0.40597525
1.0005718
0.7490557
0.6144444
0.3926036
0.82999116
0.3958402
1.3115137
0.7940971
2.6287153
0.654277
1.3608158
0.7642225
1.9580537
1.5094081
0.0
2.1574264
0.0
1.4951715
0.50500375
2.098842
0.46968192
0.58398724
0.11458363
1.8089092
0.6204639
2.2758443
0.0
0.9097507
1.109891
1.0086441
3.9088922
2.0127907
2.4263148
0.46494058
2.012059
0.86350334
0.0
1.9970542
0.57841045
0.6751441
2.1389365
1.3547754
0.46668974
2.266678
1.0541134
0.0
2.1240838
0.2035911
2.0270722
2.181311
0.57091707
0.46400705
0.0
1.4406612
0.0
1.6699512
1.2345746
2.2751164
0.45979717
2.1936622
0.6742001
2.1111705
2.1219342
2.341458
0.63406414
1.9836376
2.1762528
2.0558074
0.81351626
1.3493966
2.2608318
0.6267445
0.0
0.48359704
2.178126
0.67182106
1.5707079
1.2375017
1.6715385
1.6103969
0.6025515
0.85200065
1.9333184
0.59672916
0.6792663
2.1405206
0.36079335
0.30020684
0.97998476
0.06656779
0.75571364
2.7241387
0.46784282
1.0131739
0.5106821
1.0729185
1.9167557
2.2792137
2.0259223
0.0
1.7972767
2.0803976
0.44627413
2.061723
1.9968988
0.7149273
2.2372475
0.0
0.0
2.1787858
0.8004227
0.0
0.5107182
0.76212406
2.022897
0.82973915
1.9067156
0.8043783
0.8253798
2.1287274
0.5765476
1.8011225
1.661438
0.7160249
1.978823
2.0848677
0.0
1.9709449
0.0
2.1912205
1.083618
1.9300492
0.0
1.0744722
0.0
0.3285345
0.55420965
2.6155636
0.0
0.0
0.8854672
1.9073215
0.523659
0.5474307
1.0274754
0.84289896
0.7245388
1.9703969
2.056493
1.8063453
2.120203
0.6970038
1.5120413
0.48403984
1.3294276
0.7581928
1.9718822
0.65890837
0.33599293
2.2088022
0.75288266
0.3687092
2.199763
1.8350103
0.9377697
1.2471253
0.822839
0.6522568
1.8812926
0.5558445
0.6020186
0.42047817
0.6239882
0.7618357
1.9681827
0.52469236
0.9042475
1.0426446
0.6719439
1.3808427
2.225386
2.1578717
2.1080596
0.8260746
2.0683324
2.541568
0.49533716
2.3755636
1.4011532
2.0862305
0.6386729
3.519642
0.339626
0.90356296
0.24961196
1.0566925
1.4920888
1.3688809
2.1707249
1.7712405
2.2302966
0.43454543
0.34095266
1.4040943
2.0730522
0.44422746
0.6348805
1.2021804
0.42954567
0.5439317
1.8899279
1.698961
0.7951823
1.9821726
2.296817
2.002458
2.009498
0.5627843
0.5862441
0.78731924
0.705229
0.89202344
2.0019765
0.73151153
2.2374372
2.144345
2.0133803
2.1554031
0.0762663
2.1644588
0.67606187
2.1933308
1.9993062
