0.0
0.0
0.15999852
0.045895305
0.0
0.024106719
0.061156936
0.0
0.07309862
0.2246234
0.0
0.09033556
0.0
0.43310452
0.0
0.04807343
0.0
0.0
0.0
0.1723705
0.016465325
0.034893803
0.0
0.0
0.14223832
0.0
0.0
0.1445926
4.064408e-05
0.0
0.0
0.0
0.0
0.039573207
0.21812758
0.040989324
0.094771296
0.1587503
0.14527872
0.0
0.0
0.0
0.0
0.0
0.15622298
0.0
0.0028896295
0.1895562
0.15951315
0.0
0.0
0.031356446
0.0
0.016440464
0.0
0.0
0.0
0.11755583
0.073675424
0.1981508
0.04679094
0.056641087
0.0
0.0
0.035925366
0.09060124
0.0
0.09146159
0.0
0.0
0.08415448
0.0
0.0
0.0
0.0012085065
0.009716563
0.0
0.14204505
0.07358951
0.16182975
0.15354338
0.039272554
0.0
0.0
0.19431792
0.0
0.11065245
0.0
0.059210606
0.12583229
0.1634288
0.0
0.139786
0.03699919
0.0016613267
0.09591468
0.09258796
0.0
0.22046784
0.099038705
0.13270877
0.09537488
0.0
0.0
0.12256489
0.0
0.08342078
0.0
0.0
0.0
0.23505221
0.0
0.12327873
0.3134975
0.0
0.079849295
0.0
0.0
0.0
0.004859466
0.0
0.0
0.0
0.0
0.0
0.08551109
0.12323988
0.0
0.32895687
0.0
0.114621915
0.23555605
0.08978437
0.0
0.033928975
0.0
0.038639415
0.0064503467
0.21641728
0.22011922
0.109912075
0.14839785
0.047722504
0.04857996
0.15821756
0.17166124
0.0
0.015525544
0.0
0.14145154
0.0
0.0
0.13936266
0.0
0.17497358
0.0
0.0
0.0
0.0
0.1891843
0.21214561
0.0
0.06680337
0.13218477
0.0
0.24296388
0.0
0.0
0.0
0.064488225
0.0044992524
0.040423315
0.0
0.049647972
0.17065251
0.0
0.0122353155
0.048070136
0.0
0.0
0.0
0.0
0.0
0.0
0.28681463
0.014284895
0.012950169
0.06995037
0.27901584
0.0
0.09886093
0.14147739
0.04086005
0.080268666
0.16855083
0.0
0.0
0.0
0.028502699
0.0
0.1997857
0.05482791
0.32633716
0.16606717
0.0
0.09772328
0.123515986
0.24648102
0.11571538
0.06634779
0.017921153
0.22810188
0.0
0.12536232
0.031110495
0.050535474
0.08661637
0.0
0.13945587
0.1362123
0.0
0.1433503
0.034769826
0.18008491
0.0
0.0
0.0
0.13852003
0.0
0.0
0.0
0.0
0.102420226
0.0
0.0
0.0
0.0
0.22606495
0.0120740365
0.14561296
0.0
0.0
0.0
0.0
0.0
0.0
0.0
0.0
0.057515197
0.012497329
0.0
0.0
0.0
0.0
0.029270917
0.0
0.1815428
0.02971037
0.0
0.0
0.0
0.08777609
0.104948364
0.0
0.06848301
0.0
0.031577315
0.056715284
0.024376027
0.14958657
0.06048088
0.08140223
0.0649718
0.13051566
0.07317432
0.10328656
0.032229833
0.0
0.0
0.08644955
0.0
0.012793767
0.21699905
0.0
0.17377485
0.016558511
0.0726486
0.0
0.0
0.16906595
0.0
0.118637085
0.1043417
0.13708796
0.06615079
0.0
0.0
0.15261257
0.0
0.30887792
0.0
0.0
0.0
0.0
0.021179667
0.0
0.10980462
0.0
0.0
0.0
0.0
0.0
0.0
0.0
0.17672251
0.0
0.072713636
0.028758457
0.098045096
0.0
0.052776743
0.0
0.034472536
0.0
0.15035002
0.09528546
0.013949563
0.0
0.06817094
0.116755
0.112332515
0.25663584
0.0
0.0
0.0
0.0
0.0
0.0125504155
0.06400453
0.07615199
0.0
0.04592928
0.15745999
0.028619375
0.26623663
0.0
0.0
0.022272602
0.0
0.109175116
0.0
0.09689568
0.04896669
0.0
0.027864521
0.0
0.0
0.0
0.072389804
0.0
0.0
0.0
0.10240449
0.048221126
0.018865239
0.0
0.0
0.029695157
0.04267361
0.0
0.0
0.07036141
0.0
0.07188541
0.014914519
0.0
0.0
0.16021472
0.10977595
0.06081205
0.0061773425
0.0
0.19500615
0.0
0.06178477
0.0
0.28938675
0.020176198
0.0
0.0
0.17274357
0.0
0.0
0.0
0.050994534
0.15486751
0.0
0.0
0.02940587
0.1997433
0.0
0.055213198
0.018170416
0.0
0.24902043
0.0
0.0
0.0
0.18966955
0.05051429
0.0
0.10405296
0.0
0.18047199
0.0
0.1369142
0.20352437
0.0
0.0
0.0
0.0
0.0
0.0890514
0.0
0.23465136
0.0
0.16724059
0.0
0.20572254
0.100624196
0.22857046
0.0
0.0
0.00040254183
0.31516257
0.0
0.15043472
0.018327687
0.0
0.0042385533
0.0
0.16819039
0.18714494
0.098533705
0.065969564
0.0
0.0
0.02004243
0.081531525
0.026015159
0.0
0.06315875
0.07518558
0.0
0.0
0.0
0.015339553
0.0
0.0
0.0
0.045560848
0.0
0.0
0.044804282
0.09586105
0.0037716767
0.0
0.0
0.023372395
0.0
0.11767131
0.06322982
0.0
0.10349277
0.0
0.0
0.052723188
0.0033230698
0.0
0.0
0.0
0.041282494
0.021306902
0.007810341
0.0087924935
0.0
0.020354496
0.0
0.0019335668
0.05213242
0.0
0.0
0.07570452
0.0
0.038356632
0.0
0.17106225
0.043644924
0.05210205
0.0
0.0
0.0
0.0
0.0
0.0
0.0
0.0
0.0
0.019857762
0.0
0.0
0.0
0.110427715
0.06764791
0.073024936
0.09267293
0.0
0.0
0.0
0.13369548
0.0
0.24534276
0.0
0.0
0.023755394
0.0
0.23306014
0.0
0.0
0.10571051
0.010602253
0.0
0.07856527
0.0
0.0
0.052896764
0.0
0.0
0.0
0.0
0.0
0.22947796
0.0
0.0
0.07775967
0.13840257
0.13072506
0.1697625
0.020175898
0.15577453
0.0
0.12518026
0.0
0.0
0.1775015
0.06245563
0.14399627
0.0
0.0
0.0
0.1203341
0.0
0.17471828
0.1696284
0.15405601
0.17653961
0.0049093785
0.12761848
0.0
0.0
0.0
0.07526928
0.07646078
0.0
0.0
0.011973231
0.0
0.043811
0.05973608
0.0
0.0
0.16007724
0.0
0.12851916
0.0
0.0
0.0
0.06036241
0.0
0.0
0.0
0.35422096
0.10059082
0.119383805
0.012785202
0.0
0.034354128
0.028809996
0.0
0.06251833
