0.0
0.0
0.16162209
0.044127762
0.0
0.023455942
0.062226575
0.0
0.07131797
0.22486205
0.0
0.0881154
0.0
0.43076217
0.0
0.04535982
0.0
0.0
0.0
0.17535463
0.017515853
0.037604235
0.0
0.0
0.14033848
0.0
0.0
0.1461625
0.0
0.0
0.0
0.0
0.0
0.039298996
0.21864244
0.043083206
0.09286178
0.1578659
0.14780623
0.0
0.0
0.0
0.0
0.0
0.15564543
0.0
0.0014780834
0.18600586
0.16033876
0.0
0.0
0.03280193
0.0
0.018024407
0.0
0.0
0.0
0.1198374
0.0759152
0.19667257
0.048976958
0.05987586
0.0
0.0
0.037117243
0.091201976
0.0
0.09064917
0.0
0.0
0.08625868
0.0
0.0
0.0
0.0005770456
0.009698426
0.0
0.14113423
0.07350086
0.16231668
0.15170158
0.040334806
0.0
0.0
0.19475998
0.0
0.11163768
0.0
0.059092764
0.122790255
0.16302323
0.0
0.13969861
0.038666595
0.0019981535
0.09338111
0.092940465
0.0
0.22085817
0.09931662
0.13288967
0.0946762
0.0
0.0
0.120745175
0.0
0.082351044
0.0
0.0
0.0
0.23238236
0.0
0.12636878
0.31262863
0.0
0.08005317
0.0
0.0
0.0
0.004419826
0.0
0.0
0.0
0.00034079328
0.0
0.08794295
0.12287574
0.0
0.33024228
0.0
0.11425713
0.23468918
0.09242517
0.0
0.032850616
0.0
0.03950205
0.0090591945
0.21456414
0.22008502
0.11013329
0.1486875
0.04819736
0.048773587
0.15715228
0.17270125
0.0
0.015527543
0.0
0.14085437
0.0
0.0
0.13904303
0.0
0.17535768
0.0
0.0
0.0
0.0
0.1868113
0.21133903
0.0
0.06521623
0.13129671
0.0
0.24480762
0.0
0.0
0.0
0.06549787
0.0049187597
0.041866533
0.0
0.048854046
0.17067508
0.0
0.013193924
0.04819074
0.0
0.0
0.0
0.0
0.0
0.0
0.28510788
0.015839476
0.011731133
0.06787902
0.27646115
0.0
0.09810869
0.14061353
0.042920716
0.08030996
0.16941012
0.0
0.0
0.0
0.027661994
0.0
0.20059973
0.055570327
0.32498518
0.16513255
0.0
0.09727806
0.12310966
0.24710186
0.11536763
0.06435601
0.017957538
0.22770703
0.0
0.12580743
0.031198006
0.04914917
0.083870165
0.0
0.13758859
0.13524167
0.0
0.1438299
0.033666104
0.18186678
0.0
0.0
0.0
0.13945085
0.0
0.0
0.0
0.0
0.10204082
0.0
0.0
0.0
0.0
0.2258372
0.011257453
0.14590171
0.0
0.0
0.0
0.0
0.0
0.0
0.0
0.0
0.05861835
0.010442454
0.0
0.0
0.0
0.0
0.02790301
0.0
0.18036428
0.028027855
0.0
0.0
0.0
0.08780746
0.105040595
0.0
0.06931542
0.0
0.031261068
0.05588971
0.025315367
0.15114437
0.058594726
0.08079031
0.065080516
0.12854911
0.075324275
0.10369139
0.033022497
0.0
0.0
0.083940625
0.0
0.013156876
0.21652405
0.0
0.17287973
0.016766654
0.07258458
0.0
0.0
0.17059512
0.0
0.11695427
0.10401827
0.13607784
0.06542782
0.0
0.0
0.1526146
0.0
0.30955908
0.0
0.0
0.0
0.0
0.021624522
0.0
0.11179058
0.0
0.0
0.0
0.0
0.0
0.0
0.0
0.1748836
0.0
0.07357474
0.030539282
0.097725175
0.0
0.0519298
0.0
0.033723734
0.0
0.14817941
0.09692004
0.01564454
0.0
0.06696471
0.116652325
0.11245941
0.25618112
0.0
0.0
0.0
0.0
0.0
0.013384734
0.06305822
0.07708766
0.0
0.043708276
0.15692598
0.028836232
0.2674097
0.0
0.0
0.022478323
0.0
0.1079247
0.0
0.09461415
0.047710117
0.0
0.029321048
0.0
0.0
0.0
0.07056372
0.0
0.0
0.0
0.104890004
0.045963563
0.01861259
0.0
0.0
0.030719578
0.043054707
0.0
0.0
0.070826136
0.0
0.07198534
0.014988055
0.0
0.0
0.1606435
0.10816648
0.06115669
0.0054001417
0.0
0.19531761
0.0
0.05893535
0.0
0.28734282
0.020837098
0.0
0.0
0.17226562
0.0
0.0
0.0
0.051797852
0.15573448
0.0
0.0
0.031043313
0.20030683
0.0
0.055568248
0.01700919
0.0
0.2490311
0.0
0.0
0.0
0.19112489
0.05005046
0.0
0.10626343
0.0
0.18008018
0.0
0.13406566
0.20339057
0.0
0.0
0.0
0.0
0.0
0.08676374
0.0
0.2337119
0.0
0.16453937
0.0
0.2028379
0.101086706
0.2299145
0.0
0.0
0.0010504071
0.3133399
0.0
0.15050547
0.017285708
0.0
0.0040981993
0.0
0.16807011
0.18640572
0.09844701
0.06722609
0.0
0.0
0.020752175
0.08059437
0.028229875
0.0
0.061693706
0.07439976
0.0
0.0
0.0
0.014744627
0.0
0.0
0.0
0.045412485
0.0
0.0
0.0455236
0.09417399
0.0048601935
0.0
0.0
0.024867538
0.0
0.11517431
0.06180399
0.0
0.10355186
0.0
0.0
0.050812006
0.0049450733
0.0
0.0
0.0
0.040994633
0.020291954
0.007016951
0.007885478
0.0
0.01757919
0.0
0.0005353964
0.05200849
0.0
0.0
0.07582435
0.0
0.036907915
0.0
0.16965458
0.040214095
0.05352761
0.0
0.0
0.0
0.0
0.0
0.0
0.0
0.0
0.0
0.019684354
0.0
0.0
0.0
0.10710151
0.068066895
0.07293758
0.094721265
0.0
0.0
0.0
0.13124529
0.0
0.24724738
0.0
0.0
0.022263892
0.0
0.23418954
0.0
0.0
0.10297656
0.011595417
0.0
0.077919364
0.0
0.0
0.05085834
0.0
0.0
0.0
0.0
0.0
0.2290765
0.0
0.0
0.07869091
0.13788578
0.13048515
0.16827723
0.017790355
0.1561301
0.0
0.12427177
0.0
0.0
0.17728251
0.06331663
0.1441443
0.0
0.0
0.0
0.121349774
0.0
0.17255165
0.167407
0.15482873
0.17749935
0.008214381
0.1255994
0.0
0.0
0.0
0.07437201
0.07445956
0.0
0.0
0.013838471
0.0
0.044927504
0.059233967
0.0
0.0
0.15895283
0.0
0.13041505
0.0
0.0
0.0
0.058515072
0.0
0.0
0.0024606427
0.35275915
0.1000388
0.119620405
0.013633688
0.0
0.036093853
0.031401344
0.0
0.06322362
