0.5740367
2.2131786
2.384438
0.5406294
0.49813393
0.60166305
2.5527132
0.26053485
0.78271776
2.5421462
0.0
1.3331138
0.4182519
2.5535493
0.9619088
2.4718122
2.2529082
1.0974289
8.550534
2.3000612
2.5581062
0.66055197
0.5329604
0.0
2.6844854
1.0963666
0.0
2.2846014
1.3298223
0.0
0.47922024
0.33437097
2.2346768
2.4607975
2.36018
1.2250221
2.1763413
1.7199503
2.3120227
0.7147663
2.2629426
8.273348
0.4570623
0.27375147
2.395099
1.5789101
0.8401149
2.45507
2.4342124
1.0382539
1.0736091
0.0
0.9597102
2.4215727
2.017709
1.192278
0.6823284
2.5874188
1.98602
1.3172953
2.4498606
2.419173
0.5766638
1.1204641
0.94262826
1.649701
0.0
2.3450727
0.9648747
0.55535597
2.3229191
0.5832723
0.0
0.0
0.19118635
0.742101
0.79769254
1.3541807
2.3647573
2.4811275
2.4615014
0.688288
8.563199
3.542602
0.8865472
1.1071936
2.5226796
1.0138824
2.4115508
2.4459996
2.6634128
0.91157085
2.5883288
1.1105775
0.4624191
2.2278905
2.3652198
2.1695833
1.4978648
1.9933445
2.188492
2.442993
0.7659291
0.4128868
2.2821672
1.1957873
2.3796377
0.41612235
0.0
0.5266466
1.5948175
1.011203
2.4748552
2.602951
0.856202
2.4740098
1.0624646
0.4271821
0.89431286
2.0873852
0.41243058
0.7440433
0.0
2.2475977
0.0
2.6143744
1.4336705
0.8309914
2.5957222
1.1984435
2.3439405
2.6002088
2.284274
0.0
0.58859444
1.1309571
2.074186
2.1585445
2.043271
2.4068344
0.9972532
2.4903202
2.3852925
1.0672135
2.4654436
2.267789
0.17843717
2.027713
1.6246367
1.6992054
2.1130438
0.7311392
2.4898112
1.6463072
2.5179446
0.0
0.32848126
1.2432358
0.7965068
2.5025516
2.5991142
1.0859425
0.47554278
0.77094865
0.42501688
2.4508092
0.7203157
0.38940743
0.63590133
2.20464
2.3918912
0.7237184
0.74235743
0.8449438
1.0048382
0.0
0.38411987
2.3582268
2.0614219
0.7304239
0.50042945
0.39982602
2.206744
0.34731105
2.385159
2.0765276
0.78043956
1.3168749
2.5712888
0.6242014
2.4701781
1.2912557
0.59454864
2.2541182
2.3378494
0.4603396
0.6310505
0.0
1.3373933
0.79158205
2.3073382
0.75067365
1.8496857
2.4216306
0.62015975
2.285617
1.5432518
2.707338
2.3926818
2.3060033
2.3444998
2.2512147
0.31331497
2.2709997
2.3007197
0.7455516
2.054258
0.20131779
1.9314518
2.424551
0.70923066
0.80216676
1.2321038
2.3577344
0.07537472
1.052588
0.17721105
1.0308069
0.69231015
0.0
0.51612777
0.88910854
2.8442721
0.9321472
0.8817505
0.7457259
0.0
2.2370076
1.2013272
2.411108
0.0
0.8162131
0.0
2.1947255
0.61534685
0.70224047
0.0
2.3922868
2.15074
1.4742848
0.0
2.2890768
0.5712115
0.59296274
0.5944793
0.5727772
2.3816009
0.41455713
0.73599774
0.6142854
1.3646816
0.54409325
0.7672281
0.9519719
2.3937001
0.0
2.3217633
0.5179776
1.0972792
1.7376982
2.160552
2.4783378
1.5654182
2.5453286
2.4450421
0.6803916
1.1988972
0.87957
0.25577617
1.6566681
0.4568587
2.3417356
2.591927
0.42037535
2.527904
0.80231744
0.9624821
0.3934062
0.44153395
2.572139
1.1496538
2.3044848
2.3804455
2.5615406
0.7037542
0.8034363
0.6984815
1.9293028
1.9549445
2.4179573
0.0
0.7503747
0.0
0.86217767
1.5326099
0.5407559
0.877329
0.3613689
0.0
0.65905154
2.2716393
2.3624458
0.93718994
0.44312268
2.6146402
0.9570001
2.5010257
2.2371464
1.8141117
0.7650646
2.3546484
0.66883415
0.59842473
0.0
2.411693
2.3333647
2.3443933
0.6746168
2.345283
2.6063898
2.3091505
2.011449
0.37582213
0.0
0.0
0.3759267
0.32828236
1.045355
0.6451177
2.4084435
0.9832129
2.0450115
2.2572048
1.9731884
2.456171
2.1556833
2.2090065
2.0142624
0.0
1.8120266
0.42822674
2.319324
1.3558033
0.0
2.1317244
0.6383846
0.0
0.5098277
0.7000697
0.7243748
0.45984924
2.5214403
2.2798784
0.40324163
2.4472377
0.7677753
0.4412633
1.1007932
0.8165341
0.6958507
0.4577506
0.9287988
0.47238386
1.3674424
0.8960862
2.8476534
0.70876694
1.4737979
0.86262596
2.1957328
1.6960241
0.0
2.371519
0.0
1.614981
0.5366676
2.3918784
0.47402596
0.6222529
0.17367418
1.9416372
0.6254006
2.53411
0.0
1.0017368
1.2495508
1.1145254
4.419838
2.196042
2.7658718
0.48363814
2.201969
0.9003798
0.0
2.1683652
0.6124013
0.71768165
2.37393
1.4646127
0.51017255
2.5035634
1.1379453
0.0
2.3030736
0.22410375
2.2438884
2.4332697
0.5949669
0.45685518
0.0
1.5484676
0.0
1.800691
1.3671055
2.5415907
0.44188222
2.4218173
0.79235446
2.3208454
2.3165507
2.5390015
0.6895324
2.2413638
2.4123087
2.2964427
0.89415616
1.487537
2.5265317
0.71509415
0.0
0.5795734
2.4520838
0.66964984
1.7093004
1.3494598
1.8073648
1.784566
0.6347803
0.90064955
2.0945368
0.6526208
0.75927097
2.3681877
0.3834757
0.27572778
0.9982552
0.040758196
0.8100692
3.129935
0.49162838
1.1416718
0.5499696
1.1962168
2.1165955
2.540074
2.293005
0.0
1.9766581
2.2873025
0.54181594
2.260368
2.2412739
0.7753463
2.4505699
0.0
0.0
2.420937
0.90673745
0.0
0.55983716
0.85747343
2.2491364
0.90114677
2.1362062
0.91545427
0.9189416
2.399117
0.60259336
1.9210443
1.7936488
0.8058288
2.2284203
2.3272855
0.0
2.2788966
0.0
2.4044685
1.2521129
2.0906136
0.0
1.1245072
0.0
0.3554629
0.6348385
2.910002
0.0
0.0
0.9718743
2.1257012
0.5271915
0.62613094
1.1765833
0.89067227
0.7806582
2.2193594
2.325118
2.0730636
2.348149
0.7530276
1.6921953
0.5435289
1.4861029
0.81523377
2.2258503
0.7193523
0.33339673
2.5370948
0.777758
0.3900965
2.4646933
2.0840557
1.0420624
1.4373443
0.92666817
0.6969645
2.1202822
0.59004515
0.6875035
0.41454598
0.672595
0.8904829
2.1623473
0.5191623
0.9886344
1.070288
0.79071826
1.4903036
2.4588633
2.3983357
2.3282034
0.89624107
2.298893
2.8423424
0.5479716
2.6247392
1.5265607
2.2801483
0.6823585
3.9189806
0.31632334
1.0016801
0.23729756
1.1299946
1.5584008
1.5025207
2.4685128
1.9992441
2.5145426
0.49396044
0.3603612
1.5597947
2.300034
0.5045049
0.7142336
1.3252397
0.47977448
0.5883251
2.1231124
1.8374352
0.8434494
2.2474349
2.6090474
2.2534287
2.238523
0.5866627
0.5892324
0.9164531
0.81407696
0.97680604
2.2247534
0.8447458
2.4602928
2.4397779
2.2405272
2.3609252
0.017515441
2.411679
0.73894775
2.4043503
2.2503927
