0.5210472
1.9260489
2.1103885
0.47354484
0.411069
0.52295995
2.208464
0.27317807
0.66821414
2.1850193
0.0
1.1826745
0.39390802
2.2260907
0.8095026
2.1340175
2.0184376
0.9179169
7.4562416
2.0118973
2.238605
0.5476616
0.51254916
0.0
2.3334844
0.9742419
0.0
1.9892467
1.1839305
0.0
0.48780712
0.34277773
1.9398491
2.1790314
2.0586758
1.108001
1.9256028
1.4993539
2.004195
0.65774155
1.9749548
7.2608776
0.40411812
0.1889591
2.0735233
1.3999828
0.725244
2.189324
2.127104
0.9468335
0.9819398
0.0
0.86817163
2.1549277
1.7495984
1.1163145
0.5949298
2.307157
1.6914393
1.1938573
2.1692274
2.1467419
0.4669299
1.0319359
0.83953613
1.4297905
0.0
2.0481985
0.88585067
0.5559162
2.0066428
0.5161427
0.0
0.0
0.19809324
0.7139744
0.7095297
1.2136168
2.0257125
2.2478626
2.1801224
0.6241183
7.515856
3.081327
0.7724019
0.9960921
2.1632774
0.8663704
2.1267705
2.114458
2.3277826
0.84573746
2.2207315
0.9647977
0.40049756
1.978168
2.0479443
1.8791053
1.2906743
1.7341969
1.8926347
2.1338155
0.71120495
0.373252
1.9572679
1.0993345
2.1098015
0.40127766
0.0
0.43823388
1.4790543
0.8313616
2.0701067
2.3045278
0.75681865
2.208939
0.9241764
0.38098475
0.7768085
1.8200319
0.37674126
0.65426034
0.0
1.9954705
0.0
2.323903
1.2699054
0.72821987
2.2980306
1.0715592
2.0780094
2.2484634
2.018844
0.0
0.47655672
0.95157933
1.8378443
1.8657179
1.8252724
2.170815
0.8618002
2.132588
2.1989381
0.95284873
2.1398773
2.0121138
0.18759729
1.8263294
1.3839823
1.4982063
1.7380327
0.74050915
2.220786
1.4375361
2.2165816
0.0
0.28066528
1.1377336
0.75317335
2.2223704
2.2683823
0.9554528
0.4684003
0.6911731
0.40554044
2.0861657
0.7277305
0.36311698
0.57701993
1.9729867
2.0848331
0.6951368
0.74555147
0.7324311
0.9014425
0.0
0.38895103
2.0450704
1.844861
0.7029072
0.48938873
0.41304237
1.9540228
0.3253442
2.1162467
1.8135087
0.7240234
1.1631691
2.2296312
0.569388
2.1080718
1.1717842
0.5835881
2.02612
2.0537531
0.41698045
0.54816073
0.0
1.2579001
0.7375257
1.9962162
0.67946035
1.6383305
2.1155221
0.6127845
1.9984095
1.311422
2.3380282
2.0509226
2.0720942
1.9901719
1.9725164
0.29748878
1.9989493
1.9891423
0.7249916
1.8579977
0.2578635
1.7003179
2.083746
0.64964944
0.7375822
1.0632006
2.0693445
0.107483126
0.9293193
0.18144806
0.92961735
0.64489394
0.0
0.4962242
0.8475429
2.537287
0.7927086
0.8589803
0.61725134
0.0
1.95766
1.0582662
2.0613744
0.0
0.8028953
0.0
1.957857
0.5514952
0.68415517
0.0
2.037401
1.858143
1.363683
0.0
2.064613
0.6088447
0.5329636
0.52239513
0.5359811
2.0679102
0.33477968
0.7100194
0.5736068
1.2042049
0.5047075
0.7240644
0.85802287
2.0754914
0.0
2.039455
0.49998283
0.91748667
1.5537623
1.8889576
2.175042
1.3960295
2.161009
2.2130513
0.60304743
1.0463315
0.78024554
0.26315802
1.4089202
0.40602952
2.085906
2.2374947
0.36506888
2.2278538
0.79748595
0.9230559
0.37355006
0.41466117
2.2357247
0.92151636
1.9919418
2.1568148
2.257523
0.64177036
0.7673254
0.63569784
1.665116
1.7316412
2.1322367
0.0
0.74026877
0.0
0.79485637
1.3983285
0.51164705
0.7531344
0.2860611
0.0
0.5713523
1.9805564
2.0883267
0.8968474
0.4519665
2.2473228
0.8901707
2.1531513
1.9786072
1.6006721
0.74769914
2.0969963
0.5824839
0.5192362
0.0
2.1323442
2.0215
2.0504827
0.58072937
2.0984597
2.2823193
2.0715613
1.7181386
0.37210858
0.0
0.0
0.43339056
0.34665382
0.93428236
0.5917672
2.1140952
0.9530541
1.7677933
1.9182059
1.7211075
2.1763272
1.9044641
1.9376153
1.7780977
0.0
1.5857993
0.3965256
1.9866693
1.201606
0.0
1.8628018
0.61241484
0.0
0.46447083
0.69231665
0.6721235
0.42820334
2.2150028
1.9948077
0.37794718
2.1111376
0.75342256
0.41797522
0.9684561
0.73189855
0.6146584
0.38493034
0.8123823
0.39048502
1.2836771
0.7709791
2.5878785
0.6506931
1.3223616
0.7489227
1.8937943
1.4549854
0.0
2.1009748
0.0
1.4490898
0.5072521
2.0221093
0.4879128
0.59501207
0.11195776
1.7540905
0.63234746
2.2076488
0.0
0.8766458
1.070147
0.976725
3.8270826
1.9669471
2.3483062
0.47158688
1.9634212
0.8449194
0.0
1.9472094
0.5665158
0.68125683
2.0828807
1.3207661
0.45668465
2.2045984
1.0279198
0.0
2.0710154
0.20799613
1.9701924
2.1196868
0.57531035
0.48177063
0.0
1.4055778
0.0
1.6197772
1.2287233
2.2043674
0.4777377
2.128233
0.67649764
2.0524333
2.0660503
2.2877817
0.6466745
1.9209511
2.118267
1.9851776
0.81609577
1.312482
2.190118
0.6253904
0.0
0.47292972
2.106682
0.69036484
1.5240566
1.2013822
1.6224904
1.5552113
0.6078558
0.8389147
1.8924009
0.599099
0.6812723
2.086494
0.35984504
0.30614474
0.97336376
0.0753698
0.77148753
2.603953
0.4595771
0.9703569
0.51609135
1.0714898
1.8527037
2.2177842
1.9632964
0.0
1.752529
2.0409772
0.44255024
2.0022476
1.9312297
0.70770144
2.1873221
0.0
0.0
2.1150074
0.7986951
0.0
0.5094471
0.75696284
1.9610325
0.83485574
1.843429
0.7870957
0.7934919
2.0635
0.58317065
1.7577833
1.6172855
0.71768475
1.9160004
2.025438
0.0
1.8886405
0.0
2.1251657
1.0287291
1.8870744
0.0
1.0499412
0.0
0.33878824
0.5487496
2.5643852
0.0
0.0
0.88622147
1.8434308
0.5455505
0.5415487
1.0205661
0.82345724
0.7282936
1.9005084
1.9847999
1.7492249
2.069334
0.704298
1.4493599
0.4867136
1.2930343
0.766057
1.9100306
0.65093964
0.35909426
2.129279
0.7486065
0.36437643
2.1214414
1.7678562
0.93904877
1.1891476
0.8229002
0.6648725
1.8190066
0.5676266
0.59512544
0.4246995
0.6291855
0.7568549
1.9154851
0.5386263
0.9076281
1.0245099
0.6531357
1.3366781
2.163784
2.087631
2.0456257
0.82550144
2.0031726
2.4774966
0.5033428
2.311775
1.3586044
2.0315676
0.6493129
3.4606879
0.34540918
0.8784298
0.2642688
1.0344727
1.4639608
1.3298225
2.102543
1.7089067
2.157854
0.42435998
0.3442408
1.3519319
2.00866
0.43308455
0.6313502
1.1945114
0.43159872
0.5318804
1.8222401
1.6362582
0.7706653
1.9193484
2.2268455
1.9341521
1.9434737
0.56910443
0.584145
0.77693623
0.69364285
0.8583787
1.9438813
0.6982501
2.1896741
2.0706124
1.9487436
2.1002815
0.1090309
2.1105528
0.6573055
2.1340146
1.938409
