0.5564605
1.8814048
2.0935953
0.48835418
0.42167878
0.5164006
2.1593454
0.311713
0.66324323
2.1248693
0.0
1.1903396
0.42116034
2.187176
0.8131266
2.0965803
2.018003
0.9267325
7.381232
1.9820663
2.2211318
0.53498423
0.53406924
0.0
2.2988746
0.9685254
0.0
1.9624934
1.1796749
0.0
0.52834696
0.38984343
1.9045377
2.160404
2.039492
1.1276351
1.9032445
1.4716882
1.9687941
0.69413674
1.9529842
7.2181625
0.4174076
0.17678246
2.0321636
1.3890314
0.71287614
2.1737883
2.0955646
0.98114413
1.001764
0.0
0.87200266
2.1448987
1.7228366
1.1864549
0.6170656
2.3053308
1.6390109
1.2131616
2.1551316
2.133783
0.44141045
1.0634648
0.84391105
1.4136751
0.0
2.0126414
0.9154878
0.6125896
1.9704795
0.53879136
0.0
0.0
0.22275394
0.76636696
0.7247623
1.2170334
1.9698552
2.2696571
2.154805
0.63650215
7.47918
3.0572083
0.7776989
1.0284915
2.1192658
0.86226493
2.104232
2.0617714
2.2902508
0.89344263
2.167767
0.9537301
0.4172168
1.9623747
2.01229
1.8458502
1.2660774
1.7051566
1.8581192
2.0995328
0.7356303
0.37733513
1.9045508
1.1496693
2.097831
0.4391556
0.0
0.4412136
1.5006201
0.8311089
1.9924637
2.2893093
0.7744782
2.2055013
0.9359585
0.3963758
0.7841692
1.7945368
0.4106194
0.6602595
0.0
1.9918897
0.0
2.3216736
1.2645034
0.733598
2.2845807
1.0984746
2.057553
2.2110643
2.008614
0.0
0.4662138
0.9481456
1.8103244
1.8245933
1.8158429
2.1715708
0.85116243
2.0755126
2.2354374
0.95799744
2.0951362
2.003116
0.21704897
1.8319027
1.3499697
1.4964489
1.6394224
0.8252898
2.2150939
1.4284732
2.19903
0.0
0.28207302
1.1843957
0.7960233
2.2198136
2.23177
0.9494351
0.50446624
0.6970887
0.44308
2.021778
0.8134821
0.37157243
0.6220393
1.970815
2.0463762
0.7555248
0.8256516
0.7241967
0.9143684
0.0
0.4371441
2.0044372
1.8439981
0.7577571
0.5196234
0.47184405
1.9370887
0.337621
2.111808
1.7877884
0.76650834
1.1663507
2.1814983
0.610092
2.0463805
1.1778923
0.63488734
2.0146775
2.023526
0.44189677
0.55426866
0.0
1.2930024
0.7878426
1.9503012
0.6835593
1.6311864
2.0790188
0.6765712
1.9762545
1.283173
2.2942498
2.0033197
2.0764153
1.9423118
1.9473815
0.32816172
1.9677652
1.9476544
0.77193284
1.8649328
0.32157317
1.694554
2.034147
0.67362183
0.76651686
1.048879
2.0453432
0.13431
0.94928706
0.20003113
0.9570842
0.6901789
0.0
0.5631366
0.9106541
2.5436747
0.80236894
0.89048773
0.60891765
0.0
1.9349647
1.0469222
2.0066586
0.0
0.8601147
0.0
1.953047
0.58299166
0.7228178
0.0
1.9777063
1.8194534
1.3814101
0.0
2.0700037
0.6983047
0.5732973
0.5280908
0.5570819
2.0161786
0.3341473
0.7450269
0.6220699
1.2286812
0.5174702
0.76911205
0.85590345
2.0454843
0.0
2.010022
0.5445627
0.8926059
1.5507016
1.8687555
2.1540778
1.3978093
2.0974023
2.2261107
0.63252527
1.0540705
0.7875862
0.30566537
1.365412
0.4349639
2.080369
2.1964083
0.36628065
2.2080026
0.8589232
0.97565734
0.38861316
0.44619268
2.197501
0.8908605
1.9442534
2.1739097
2.234523
0.64936215
0.8215689
0.67306423
1.6453985
1.7241485
2.115903
0.0
0.79746735
0.0
0.84868366
1.4171934
0.53544456
0.7362901
0.27796978
0.0
0.5687191
1.944789
2.0692866
0.9609184
0.500707
2.1945004
0.93839127
2.1043546
1.9591994
1.5911783
0.82730013
2.0933118
0.6041441
0.5106586
0.0
2.1096356
1.9858619
2.0282612
0.60233915
2.0895438
2.255403
2.076185
1.6871507
0.4117108
0.0
0.0
0.51634
0.39306563
0.95014536
0.6232117
2.076647
1.0177392
1.73577
1.8584111
1.7089832
2.1589603
1.8912823
1.9096025
1.771334
0.0
1.5737803
0.42877918
1.925033
1.1886657
0.0
1.8390495
0.6580273
0.0
0.469692
0.74945486
0.71121323
0.44327897
2.1903076
1.9592574
0.39266098
2.0737429
0.80453044
0.448928
0.95145017
0.7444292
0.6389452
0.38021943
0.81815153
0.3850323
1.3132132
0.7626765
2.6356966
0.6786984
1.3069282
0.76135117
1.8583194
1.4289676
0.0
2.0773573
0.0
1.4420494
0.54046696
1.9495703
0.54610586
0.644327
0.1034554
1.7415018
0.6823479
2.1778712
0.0
0.867729
1.0556087
0.9782662
3.7726848
1.9535353
2.2816603
0.51329166
1.9473693
0.86321646
0.0
1.9493707
0.5827848
0.7152343
2.056875
1.3324833
0.46750703
2.1923637
1.0318546
0.0
2.0685341
0.21470842
1.9375895
2.0779955
0.605997
0.5400476
0.0
1.4161257
0.0
1.6237206
1.2522669
2.165068
0.5346515
2.09485
0.68446827
2.0374882
2.0499423
2.2958446
0.6926349
1.8715717
2.1059148
1.9416512
0.86020446
1.3093394
2.1592433
0.65095246
0.0
0.46667898
2.051159
0.7584419
1.5265999
1.2025534
1.6239009
1.530598
0.6496797
0.8626697
1.8879408
0.6355052
0.7054362
2.0679908
0.38369742
0.34664115
1.0154563
0.09764888
0.84584326
2.4862232
0.48848432
0.9410315
0.5555734
1.1147584
1.8244447
2.1916525
1.9222314
0.0
1.7493441
2.0483038
0.4378058
1.9819041
1.8828139
0.7295289
2.1907525
0.0
0.0
2.0843377
0.82202727
0.0
0.53266597
0.77949107
1.9230773
0.8896096
1.8059578
0.7909679
0.7802507
2.021209
0.62682766
1.7684295
1.6421455
0.7466384
1.8698127
1.9957216
0.0
1.8083715
0.0
2.1123853
0.9837577
1.8928107
0.0
1.0731813
0.0
0.3547247
0.55645967
2.5649912
0.0
0.0
0.9139792
1.8070753
0.60831964
0.5452366
1.0411016
0.85426354
0.78430784
1.8579183
1.9323499
1.6813443
2.059523
0.74653536
1.41133
0.51066536
1.283396
0.8168046
1.8617568
0.6621971
0.41773883
2.0441816
0.7911592
0.3804337
2.0779657
1.6958427
0.9561213
1.1416829
0.8479194
0.7147145
1.7775923
0.6268799
0.5948373
0.47669297
0.66265017
0.7771638
1.89733
0.59516156
0.95891404
1.0526601
0.6460656
1.3393091
2.1393476
2.060137
2.017791
0.8737943
1.9734328
2.4592776
0.54097325
2.286521
1.3617125
2.01698
0.7002499
3.4565108
0.37960786
0.87124133
0.31854492
1.0501248
1.5089418
1.3241104
2.0395086
1.6739537
2.1065943
0.42112747
0.37130523
1.3357676
1.9819554
0.4389821
0.6594969
1.232057
0.45480913
0.5503325
1.7750056
1.6227316
0.7877269
1.8675501
2.1652648
1.8865935
1.9139636
0.6152916
0.6145921
0.7903825
0.7070582
0.853777
1.905413
0.660468
2.1845367
2.0147152
1.9123379
2.0848348
0.18736076
2.0880566
0.6588939
2.1238117
1.9076182
