0.46504986
1.4099128
1.6415212
0.4644214
0.38643163
0.4426992
1.6700197
0.26859292
0.52233785
1.7268845
0.0
0.9459196
0.27137506
1.6704038
0.6398023
1.590234
1.5526106
0.852778
5.8676567
1.542468
1.7084296
0.40472037
0.44021195
0.0
1.7467062
0.8158291
0.0
1.4980574
0.85791594
0.0
0.38798782
0.3227698
1.4933267
1.6260887
1.5361034
0.86122507
1.4314636
1.2028418
1.5161529
0.6679405
1.4702806
5.7178226
0.41954294
0.2364892
1.6077217
1.0420384
0.4969173
1.6667385
1.6426777
0.9276271
0.6728543
0.03408464
0.6924809
1.6822736
1.338168
0.98520106
0.5952623
1.7249482
1.2804437
0.9213195
1.6733276
1.6984682
0.26549342
0.8435656
0.64638376
1.0687354
0.0
1.5528349
0.70468664
0.43836078
1.5500083
0.46048203
0.0
0.0
0.16205327
0.51910394
0.52491486
0.9799187
1.5749955
1.6609303
1.6412531
0.45069277
5.920741
2.4746718
0.6251757
0.83525854
1.7335972
0.6621162
1.5570183
1.5521752
1.7591534
0.74456435
1.7091292
0.78388023
0.35782954
1.5574138
1.5931829
1.4459665
1.1042086
1.353224
1.3469738
1.6209446
0.60751396
0.2637628
1.4967016
0.90861857
1.566785
0.32703525
0.0
0.31576368
1.1334958
0.7080309
1.6008227
1.7537943
0.67098796
1.6780951
0.76635206
0.33722433
0.60331684
1.3669106
0.3171754
0.58653605
0.0
1.5064694
0.0
1.782617
0.9270553
0.6003633
1.7451129
0.93001187
1.5903571
1.6805518
1.499467
0.0
0.39657876
0.8123198
1.4499166
1.3953241
1.4525033
1.6105012
0.64258575
1.5349181
1.6953427
0.7612974
1.5897027
1.5964003
0.11076424
1.3439447
1.0137374
1.2456988
1.3336735
0.62335736
1.7481778
1.1107441
1.719594
0.0
0.22968262
0.9733508
0.637895
1.6874789
1.7340732
0.76185554
0.38218746
0.5584257
0.2915661
1.583224
0.65688205
0.25551778
0.5947909
1.4662678
1.5891278
0.63402694
0.691254
0.58547825
0.7772758
0.0
0.32994887
1.5402067
1.4142624
0.60117173
0.4062164
0.3508458
1.4426343
0.26588485
1.6239532
1.3740184
0.6584332
0.8030816
1.7424062
0.48972455
1.6001548
0.8997716
0.54586333
1.4765464
1.5707335
0.41839868
0.53388506
0.0
0.9787423
0.67756313
1.550973
0.4568245
1.3201237
1.5959103
0.5083324
1.5049217
0.9667074
1.7398183
1.6460769
1.550123
1.4744042
1.4618139
0.30888525
1.5317779
1.4651164
0.6224354
1.4451755
0.2634476
1.3442581
1.5631822
0.61045754
0.66094255
0.8122618
1.6226817
0.09180424
0.7545413
0.17718303
0.82129735
0.589848
0.0
0.5444412
0.7444161
1.9256822
0.7385426
0.66566384
0.5871355
0.0
1.4431981
0.7586085
1.5813268
0.0
0.6702492
0.0
1.4538108
0.47600785
0.52013224
0.0
1.554655
1.4236819
1.0231059
0.032584406
1.6024079
0.5629578
0.557856
0.4331252
0.4206654
1.5102385
0.26874265
0.55589545
0.5228622
1.0767094
0.47571707
0.6765129
0.672054
1.6284796
0.0
1.5357355
0.48154876
0.7120927
1.2262036
1.4617409
1.6316048
1.0495222
1.662426
1.6603441
0.57407737
0.8390048
0.64782697
0.2526274
1.059951
0.45993987
1.6614919
1.7050853
0.2894578
1.731172
0.7687434
0.7205762
0.33657467
0.34720764
1.6683288
0.6974963
1.5235523
1.5919042
1.690014
0.50085014
0.73625726
0.5232863
1.2655882
1.3363855
1.7085572
0.0
0.6359186
0.0
0.723314
1.0912281
0.4384212
0.5795598
0.276065
0.0
0.45603502
1.4642379
1.5352415
0.72201276
0.41196042
1.7296945
0.8074445
1.6839876
1.4863071
1.2559141
0.63957596
1.5876586
0.45887297
0.40576124
0.0
1.6177202
1.4790248
1.5203528
0.57960933
1.5718762
1.7373809
1.5018436
1.3282096
0.34563935
0.0
0.0
0.45243973
0.29058763
0.7594396
0.50946736
1.6600422
0.8783191
1.3102263
1.4853909
1.3122951
1.693182
1.4174498
1.4462503
1.3801242
0.0
1.2202731
0.41322818
1.4825753
0.9815488
0.0
1.4741521
0.59131193
0.0
0.3968692
0.6088469
0.6130233
0.33454064
1.6384922
1.4655156
0.35287634
1.6113548
0.6625538
0.43097448
0.69515437
0.66025746
0.501632
0.26128584
0.7067294
0.3305049
0.9709223
0.60547274
2.043646
0.53535855
1.0567065
0.7043127
1.4594146
1.0381202
0.0
1.6016098
0.0
1.139271
0.4320401
1.5821936
0.4615141
0.4761105
0.093302526
1.3319101
0.6022919
1.7067443
0.0
0.66795164
0.8074499
0.7775724
3.022778
1.4971724
1.7469344
0.38957712
1.4476941
0.59875154
0.0
1.530642
0.39205638
0.50698686
1.5761698
1.0439329
0.3553741
1.7060642
0.7726522
0.0
1.6069908
0.1470662
1.505919
1.6442244
0.5248791
0.46909353
0.0
1.008976
0.0
1.2318523
0.9919203
1.6985209
0.4578593
1.6121638
0.5215829
1.5282446
1.6352746
1.7003695
0.5217352
1.4475714
1.5657188
1.5489985
0.7222818
0.9985229
1.6446823
0.5607764
0.0
0.41171253
1.6235142
0.5655869
1.2062345
0.862246
1.2483826
1.1480533
0.51915705
0.6446428
1.4896257
0.5273684
0.6134645
1.5304964
0.3256693
0.22031516
0.723478
0.04379258
0.6920444
1.9843073
0.4706191
0.7105865
0.4908421
0.90457565
1.3966384
1.6689888
1.4626882
0.0
1.3082124
1.5582391
0.37985736
1.5024263
1.5328465
0.6005878
1.6430064
0.0
0.0
1.5926427
0.6991925
0.0
0.47599086
0.76408833
1.4788041
0.7756207
1.3560922
0.6751668
0.63177556
1.5459272
0.581349
1.3124815
1.2727681
0.70336103
1.4797785
1.5079197
0.0
1.435761
0.0
1.643566
0.79411083
1.4167545
0.0
0.8005797
0.0
0.20373671
0.5177349
2.0518365
0.0
0.0
0.8088141
1.4108969
0.39073694
0.43915334
0.9640641
0.6888308
0.690818
1.4589019
1.5357075
1.2221657
1.5408477
0.5317614
1.1947007
0.48315206
1.0275862
0.6621858
1.4278454
0.44749194
0.31253052
1.5740818
0.66166884
0.3144243
1.606707
1.3191594
0.8122401
0.91199636
0.8160886
0.6208151
1.3988074
0.52208036
0.45169944
0.48877284
0.5564984
0.746879
1.5078773
0.5791755
0.77719253
0.77826256
0.66086984
1.0290891
1.5853196
1.594234
1.538821
0.7567342
1.5925976
1.9956743
0.47981948
1.7718934
1.0282655
1.6123981
0.61190945
2.6791124
0.27516115
0.73128754
0.28567883
0.8307882
1.1241735
1.0302407
1.5381968
1.2886555
1.620359
0.336309
0.3386227
0.9942342
1.5273206
0.40614906
0.6108662
1.055613
0.42763615
0.48189667
1.3315822
1.3549289
0.6083346
1.4340813
1.6655566
1.4792093
1.4613106
0.40634778
0.46577603
0.6679774
0.6461655
0.669145
1.4433496
0.5306507
1.615491
1.5537856
1.4982722
1.5643723
0.21133249
1.5890796
0.506205
1.6469169
1.455137
