0.5252613
1.5522933
1.8578666
0.5381943
0.43488652
0.51412445
1.8633252
0.3327815
0.5750428
1.9889526
0.0
1.067823
0.29062423
1.8457173
0.66728425
1.7679193
1.7673572
0.9962482
6.541508
1.7302564
1.9228854
0.45746022
0.5090016
0.0
1.9553151
0.976426
0.0
1.6772798
0.9390835
0.0
0.41085923
0.36478063
1.6925902
1.795582
1.7014607
0.9845025
1.5944806
1.3619105
1.6962017
0.7817453
1.6367544
6.3928
0.48662177
0.30416492
1.8310684
1.1612984
0.52993256
1.8764713
1.8537679
1.0792383
0.729107
0.07822266
0.8094556
1.9199467
1.5073588
1.1050631
0.69604933
1.9256463
1.4208215
1.026483
1.891262
1.9383974
0.25797912
0.94653744
0.70648336
1.201649
0.0
1.7479563
0.81899625
0.48433834
1.7611089
0.52030873
0.0
0.0
0.15837511
0.5351689
0.5775701
1.1198295
1.7718556
1.8498714
1.8208636
0.50029856
6.612722
2.8137658
0.70504105
0.93853444
2.000989
0.6949955
1.7080195
1.7140151
1.9682039
0.8211421
1.9241139
0.90582335
0.39365482
1.7701241
1.7975949
1.6332486
1.2822349
1.5335693
1.4713863
1.8155862
0.7162664
0.2852737
1.6858827
0.9899565
1.750393
0.33051956
0.0
0.3504769
1.2587465
0.77720886
1.81834
1.9617921
0.76353496
1.9027069
0.8591334
0.36069417
0.6771834
1.5292873
0.33683613
0.7042993
0.0
1.690451
0.0
2.0096452
0.99885094
0.6872215
1.9698797
1.0374727
1.7803838
1.8698826
1.6741403
0.0
0.4367729
0.92307264
1.6562332
1.548693
1.6650616
1.8027482
0.72408015
1.687722
1.901807
0.8893177
1.7717558
1.8263766
0.089777105
1.4980016
1.1299762
1.4711608
1.5056351
0.6850999
1.9823501
1.2722349
1.9531789
0.0
0.26964203
1.096559
0.73541945
1.8956255
1.9611013
0.8746218
0.39683202
0.6299172
0.27914843
1.7655443
0.73061436
0.25674435
0.69282866
1.6308157
1.7776139
0.7064171
0.79039174
0.682752
0.8713648
0.0
0.3324938
1.7049506
1.5946455
0.6486337
0.44739625
0.39996204
1.6089866
0.33358023
1.8114201
1.5628499
0.7762947
0.8641187
1.9624106
0.5308463
1.797019
0.9933558
0.6440311
1.6140485
1.7531407
0.47462192
0.64839107
0.0
1.1027843
0.79756075
1.7446569
0.4865131
1.5109253
1.7812395
0.5283985
1.6728153
1.0628589
1.9572346
1.8935922
1.7210947
1.6463763
1.6194617
0.34566694
1.7105517
1.6265087
0.74654025
1.6285866
0.3042109
1.5370257
1.7456656
0.7141075
0.7443728
0.9263928
1.8324603
0.10492488
0.82039464
0.20737237
0.92554194
0.67073613
0.0
0.6665306
0.8625492
2.1730828
0.829647
0.7525624
0.6929256
0.0
1.583776
0.8424228
1.7871141
0.0
0.74893934
0.0
1.6327937
0.49781457
0.566484
0.0
1.7461494
1.6076665
1.1401925
0.08451499
1.8003862
0.643594
0.6878117
0.49276146
0.47292283
1.6526797
0.30224836
0.63477576
0.5860369
1.2380323
0.55603004
0.7910653
0.7674649
1.8478953
0.0
1.7064608
0.54144174
0.8117886
1.3702229
1.6791002
1.8404878
1.1648023
1.882139
1.857155
0.65285975
0.9581779
0.7140679
0.24328515
1.1835136
0.52771795
1.9153911
1.926771
0.3308661
1.9616114
0.9088346
0.8065121
0.40364698
0.36706567
1.8574965
0.7462685
1.7438204
1.7357395
1.9012208
0.54060787
0.8546282
0.5508643
1.4217621
1.507658
1.9566914
0.0
0.7087008
0.0
0.8130497
1.2535977
0.5051353
0.66212744
0.3129526
0.0
0.49558195
1.628828
1.6841515
0.77494025
0.46051118
1.9629288
0.93128526
1.9135448
1.643273
1.4370729
0.7327453
1.7871361
0.48563686
0.47169575
0.0
1.8213971
1.640071
1.7066652
0.65222895
1.7531278
1.9526088
1.6465722
1.4923668
0.3909274
0.0
0.0
0.5166168
0.3149538
0.8546685
0.56711334
1.8789084
1.0180953
1.4495062
1.6748993
1.4736716
1.9182773
1.5678619
1.5949608
1.5627677
0.0
1.3822047
0.47619408
1.6659518
1.1469291
0.0
1.6882172
0.6702937
0.0
0.44044802
0.6996763
0.69352067
0.37578776
1.8145788
1.6207317
0.40995193
1.8212315
0.7603608
0.49958065
0.7649292
0.7843878
0.50742614
0.29360965
0.83191675
0.36890864
1.0800364
0.69155884
2.2771778
0.5961646
1.2122718
0.84299546
1.6414901
1.1334842
0.0
1.7754303
0.0
1.3019841
0.48986402
1.7867194
0.5336041
0.5084584
0.11454095
1.4839182
0.6903707
1.938858
0.0
0.7552657
0.88514704
0.9010248
3.3858669
1.6737455
1.9386328
0.41413453
1.5937219
0.6572408
0.0
1.7298136
0.42702034
0.52260625
1.7658609
1.1719509
0.4024094
1.9473473
0.8721762
0.0
1.8277317
0.16264082
1.6864026
1.8470358
0.61475176
0.5452769
0.0
1.1156255
0.0
1.3718765
1.0880979
1.9161855
0.52879477
1.7836173
0.5511183
1.691347
1.8534657
1.8916905
0.58961
1.6236315
1.7514101
1.764726
0.79517835
1.0973786
1.8412628
0.62207013
0.0
0.47720987
1.8258091
0.616015
1.3541746
0.96037155
1.4183927
1.2785244
0.5679957
0.7087767
1.6977031
0.60142857
0.69462025
1.7018104
0.3737612
0.2519626
0.82609147
0.045986317
0.78248006
2.250669
0.5665622
0.7766087
0.55679953
0.99899864
1.5616703
1.8549383
1.6387461
0.0
1.4520456
1.7593554
0.41741893
1.663875
1.7576883
0.66427696
1.8414754
0.0
0.0
1.7815495
0.79879797
0.0
0.5646572
0.89403504
1.657466
0.91800284
1.4997828
0.7869291
0.7259924
1.7393894
0.67040277
1.4374073
1.4519118
0.8332925
1.6743195
1.6797111
0.0
1.6142359
0.0
1.8470597
0.8946801
1.5803529
0.0
0.897344
0.0
0.19002472
0.5672724
2.313955
0.0
0.0
0.95341456
1.6013398
0.38699344
0.4883677
1.1397594
0.7593926
0.7799536
1.6595142
1.7376637
1.3153008
1.7008708
0.5719629
1.3922769
0.5647878
1.1471024
0.7543207
1.5878087
0.49497947
0.33537495
1.7625768
0.73912907
0.3600214
1.7839959
1.4504126
0.8878983
1.0420002
0.9632586
0.7211946
1.570876
0.57800776
0.5224635
0.57827735
0.6448702
0.869608
1.7279977
0.6727146
0.8459863
0.8620547
0.79161793
1.1531384
1.7326106
1.7938551
1.730555
0.8487853
1.8289311
2.248625
0.54404795
2.0049849
1.1519903
1.8599671
0.70473033
2.9897196
0.30991605
0.86474824
0.30803132
0.91692865
1.2571856
1.1800839
1.7034001
1.4467442
1.8215543
0.4166214
0.4026728
1.084656
1.7251334
0.47950014
0.7013728
1.1951296
0.4994039
0.5427302
1.4688492
1.5653437
0.6923947
1.5995735
1.8512794
1.6724435
1.6318555
0.43317544
0.5253304
0.75683033
0.71641505
0.75078505
1.5951215
0.6110194
1.7979908
1.7438322
1.6894616
1.7339997
0.27556843
1.7954704
0.58135766
1.874429
1.6269717
