0.55319357
1.3284198
1.6039104
0.53084296
0.45710424
0.45150635
1.6091912
0.3343469
0.5146822
1.7257814
0.0
0.96133906
0.2744518
1.6147802
0.6846255
1.5257468
1.5270473
0.9771726
5.872
1.4869914
1.6623633
0.39024705
0.44693688
0.0
1.682943
0.85444576
0.0
1.4410001
0.8083317
0.0
0.3893843
0.37585446
1.4607673
1.5432217
1.4772786
0.87165034
1.3788369
1.2031528
1.4636879
0.78935146
1.4093808
5.718888
0.47799647
0.31418186
1.5827137
0.99405384
0.45126247
1.6228896
1.592988
1.0717322
0.62053293
0.07198192
0.70613337
1.6522294
1.3031459
1.0726264
0.72381395
1.6558287
1.2240828
0.925789
1.6313877
1.6806284
0.21394481
0.89439815
0.61330134
1.0296584
0.0
1.5094209
0.70384324
0.47535723
1.51795
0.5231516
0.0
0.0
0.18161799
0.5176563
0.5410348
0.9843421
1.5354084
1.5842215
1.565953
0.42038542
5.92397
2.540542
0.6715641
0.916769
1.7430265
0.6783086
1.4656523
1.475698
1.6904706
0.8239808
1.6623421
0.7845588
0.4177666
1.5313392
1.5598867
1.4182931
1.1357353
1.3337784
1.2591429
1.5660554
0.65517175
0.24817689
1.4669006
0.95983917
1.5071604
0.3522168
0.0
0.33293253
1.1054938
0.76980597
1.5766575
1.6911706
0.71166164
1.6424704
0.82076526
0.3512755
0.6275165
1.3101647
0.3575878
0.62253684
0.0
1.4580258
0.0
1.7373629
0.8603682
0.60711104
1.6962309
1.0269195
1.5325538
1.6043926
1.4352754
0.0
0.4459661
0.8998717
1.439243
1.3310688
1.4537392
1.5453815
0.636121
1.4438976
1.641654
0.76932794
1.5225788
1.5869355
0.08098239
1.2817509
0.9661528
1.2813895
1.3016025
0.671811
1.7255734
1.0861694
1.6891601
0.0
0.23998924
1.0627604
0.6920346
1.6336112
1.6871212
0.76218766
0.40196055
0.560152
0.29633448
1.5308071
0.73332393
0.23944657
0.70966625
1.4037788
1.5354542
0.7146677
0.7953122
0.594611
0.82093227
0.0
0.36987382
1.4629228
1.3682178
0.63903826
0.43014807
0.3961563
1.3806554
0.28877673
1.5674143
1.3464019
0.75674623
0.73154044
1.7055974
0.55807865
1.5470761
0.8752084
0.62844914
1.3880289
1.5227677
0.4866419
0.6101076
0.0
0.9539601
0.7852665
1.5061637
0.4127395
1.3358371
1.5338051
0.5372975
1.4462345
0.9147974
1.6835886
1.643824
1.4678612
1.4114969
1.3887745
0.37259582
1.48173
1.3988582
0.6550832
1.4075605
0.31075102
1.3375648
1.5070385
0.68131953
0.7245079
0.8024536
1.5865394
0.08578222
0.79395556
0.22451057
0.8974852
0.6915548
0.0
0.6806105
0.8390076
1.8656526
0.8284211
0.65812945
0.6670918
0.0
1.3635501
0.7234997
1.5452781
0.0
0.70729995
0.0
1.4116722
0.52453023
0.50805044
0.0
1.5055857
1.3861916
0.9853712
0.07794802
1.5511628
0.63679326
0.6773355
0.44920108
0.4202432
1.4169669
0.30864382
0.55992335
0.58440727
1.1853024
0.5161492
0.7424414
0.6739406
1.6011744
0.0
1.4690045
0.5620562
0.7077833
1.2131909
1.4537615
1.5791134
1.0037732
1.6287507
1.5926561
0.66153365
0.84008867
0.67379415
0.29190364
1.0172197
0.5598825
1.6551193
1.6645758
0.32513565
1.6945423
0.8757656
0.7214741
0.38496965
0.3710988
1.5949004
0.7109772
1.5013535
1.4805887
1.6338226
0.51454943
0.8270035
0.5589793
1.2283267
1.3065884
1.698526
0.0
0.6965011
0.0
0.8169861
1.083076
0.45758247
0.5684692
0.30932048
0.0
0.48412144
1.3986597
1.4366691
0.76239175
0.47152132
1.6962768
0.8988729
1.6643337
1.4191656
1.2506915
0.7121549
1.5409693
0.4811488
0.413103
0.0
1.5738248
1.4071982
1.4620585
0.67438036
1.5123198
1.6865801
1.4119892
1.308409
0.38028592
0.0
0.0
0.5414243
0.31625673
0.77241546
0.58263814
1.6240106
0.9964081
1.252741
1.4566059
1.2697943
1.6543852
1.343872
1.3724707
1.3535116
0.0
1.1926109
0.5149201
1.4374267
0.9962391
0.0
1.4612541
0.6846759
0.0
0.4130545
0.65350956
0.7080131
0.3621204
1.559872
1.3974184
0.39082488
1.5665857
0.7272278
0.5249585
0.65376014
0.71431875
0.5369657
0.2565272
0.76729614
0.36961463
0.9254453
0.61131096
2.0518076
0.5702975
1.0676938
0.7926175
1.4140924
0.9743823
0.0
1.5301422
0.0
1.1259218
0.4742218
1.5489249
0.5451203
0.50786537
0.1151434
1.2838892
0.6821914
1.6733716
0.0
0.65368915
0.7788713
0.7792742
3.0345097
1.4437128
1.6760945
0.43028083
1.3661468
0.564092
0.0
1.5060416
0.36156434
0.50667036
1.5201695
1.0346979
0.36250585
1.6822315
0.7559591
0.0
1.5872463
0.15148023
1.4531469
1.5981231
0.59182584
0.54208255
0.0
0.95233136
0.0
1.1831971
1.0404514
1.6673921
0.5281055
1.5406722
0.5693633
1.45332
1.6028435
1.6221436
0.5704771
1.3953986
1.5006909
1.5390798
0.8039175
0.97766125
1.5867311
0.6419346
0.0
0.46978942
1.5762136
0.6078079
1.1848384
0.8289371
1.2293751
1.1005893
0.562476
0.6421776
1.4710308
0.5875399
0.6938063
1.4588842
0.3690971
0.21640821
0.70950305
0.044366762
0.7967405
1.9414768
0.52602535
0.6717311
0.56502163
0.9806727
1.3389537
1.59385
1.4100149
0.0
1.2541703
1.5178862
0.44497427
1.4429349
1.5209529
0.6375739
1.5854956
0.0
0.0
1.5351589
0.78596824
0.0
0.5396702
0.8947053
1.4290521
0.8879019
1.2838106
0.73383796
0.635838
1.4947517
0.6690228
1.2430428
1.2522517
0.83826256
1.4398615
1.4397105
0.0
1.3909013
0.0
1.6058296
0.7753806
1.3622754
0.0
0.77040166
0.0
0.18183173
0.60154647
2.087224
0.0
0.0
0.9201416
1.3770003
0.4021013
0.46702567
1.100782
0.69432217
0.78438073
1.4339938
1.5012527
1.1229558
1.4610387
0.534737
1.2140843
0.56962484
1.0348881
0.7341246
1.3684989
0.43156153
0.36759865
1.5137315
0.7038519
0.34606498
1.5430379
1.253921
0.89435494
0.9013396
0.9664531
0.7120006
1.3580011
0.60395676
0.48644406
0.5816552
0.6203983
0.87134874
1.4989654
0.6978475
0.84535706
0.7475285
0.7731059
1.0102268
1.4902797
1.552934
1.4984813
0.84389675
1.5858339
2.0147092
0.5605359
1.7326065
0.98727155
1.6136059
0.7022916
2.6745274
0.26539966
0.7631242
0.3396552
0.8326527
1.095652
1.026358
1.4649559
1.2411063
1.5776753
0.36712092
0.38471338
0.93359315
1.4890367
0.46198213
0.7107449
1.1567525
0.5086441
0.5069205
1.263413
1.3654797
0.60610443
1.3775182
1.5902921
1.4392123
1.4084861
0.39020056
0.47531784
0.7387649
0.7344372
0.6566487
1.3756117
0.5335969
1.5487391
1.5067796
1.4628919
1.4868618
0.32912362
1.5443375
0.49889243
1.6141654
1.4000374
