0.5174409
0.5990301
0.67603874
0.39961094
0.4347786
0.17480622
0.68400997
0.23175898
0.29368228
0.70396817
0.0
0.4989885
0.20138124
0.7929772
0.7062474
0.6674174
0.62929976
0.71787083
3.2175164
0.64231426
0.7013553
0.15683538
0.18462995
0.0
0.7244833
0.32055795
0.0
0.6119854
0.3657805
0.0
0.2879691
0.343576
0.6122418
0.6743814
0.6761823
0.447983
0.6133304
0.55635077
0.6320868
0.634423
0.6061513
3.0635831
0.3519951
0.22435962
0.66326016
0.4297403
0.21141587
0.68913555
0.6804996
0.8232721
0.2715545
0.0
0.27399635
0.6748813
0.5477656
0.81663394
0.63609034
0.708319
0.5436918
0.5231181
0.6955884
0.6913088
0.1184735
0.6244993
0.2851323
0.44579417
0.0
0.645904
0.26826635
0.39472702
0.6286787
0.42221016
0.0
0.0
0.2775445
0.4458126
0.39232144
0.45276764
0.6627445
0.67412484
0.68747544
0.1861936
3.2010334
1.4042162
0.48806605
0.68962926
0.713925
0.5954456
0.65505236
0.6550259
0.7223366
0.7179688
0.69921535
0.31458572
0.43071327
0.6336578
0.6587892
0.5927393
0.5164531
0.5820057
0.58350664
0.66720337
0.32687604
0.15748425
0.63209265
0.77092075
0.6402719
0.40016997
0.0
0.2404599
0.5568051
0.6460397
0.66567504
0.7276213
0.45983508
0.69229853
0.6046962
0.28098944
0.3930282
0.5582545
0.3823586
0.22916648
0.0
0.62238336
0.0
0.7341753
0.4064195
0.26341358
0.7071241
0.87373567
0.65272474
0.69143975
0.61155146
0.0
0.42226416
0.6962293
0.59474415
0.5873658
0.6262752
0.6649292
0.30444345
0.63188756
0.68942344
0.3112503
0.6673658
0.66929257
0.077046424
0.54734284
0.42101362
0.49409863
0.5577298
0.5738175
0.7337746
0.44680658
0.7083543
0.0
0.11998656
0.79098684
0.43699333
0.6928735
0.71110326
0.3079704
0.38580284
0.2744569
0.36779255
0.673593
0.6512408
0.21233457
0.59732616
0.6172674
0.6613246
0.61203945
0.65032613
0.24323086
0.55064607
0.0
0.44060907
0.6532
0.5714656
0.5509879
0.34533307
0.34245744
0.5878515
0.10092029
0.6899899
0.5499582
0.5389228
0.33808678
0.7226681
0.55589104
0.6649242
0.45887125
0.45819226
0.62842715
0.66002
0.43010315
0.3441517
0.0
0.40295678
0.5843656
0.64991194
0.20879799
0.6398903
0.6714124
0.5409195
0.6441581
0.42126676
0.7147635
0.66873425
0.6346205
0.60202086
0.6175593
0.38912895
0.6409348
0.6170349
0.22732858
0.60060394
0.2936186
0.54146844
0.65447664
0.44806957
0.55303085
0.3387815
0.66503036
0.030607121
0.62579197
0.22943465
0.6949997
0.6030994
0.0
0.5105707
0.60741085
0.77352065
0.6933991
0.2956433
0.44733876
0.0
0.6099862
0.322442
0.67000794
0.0
0.49333766
0.0
0.5968154
0.5228677
0.31469238
0.0
0.65420127
0.58479077
0.42085183
0.0
0.66110176
0.4979117
0.4538972
0.2719662
0.21117376
0.6432843
0.2918547
0.23069753
0.5013382
0.8227012
0.2990881
0.4311487
0.28396747
0.66261196
0.0
0.64276546
0.5071798
0.293815
0.5940221
0.591229
0.66745996
0.41992286
0.6750198
0.67125136
0.5610345
0.34135002
0.47708434
0.42012838
0.4484832
0.5447
0.66493976
0.68761873
0.25740033
0.71043736
0.5747637
0.3863618
0.25041577
0.35284385
0.6929491
0.5368832
0.62505335
0.6645115
0.6863593
0.3978778
0.59906214
0.5400914
0.52143073
0.5578928
0.6911623
0.0
0.5422427
0.0
0.70062226
0.44646332
0.22853802
0.2418793
0.27584353
0.0
0.41717795
0.61387944
0.63806987
0.6420963
0.38267457
0.71296364
0.631469
0.7032644
0.6211886
0.5253182
0.53017527
0.6643039
0.43789893
0.16441053
0.0
0.6745163
0.62176806
0.617029
0.6021252
0.65055305
0.71615034
0.6258031
0.6068233
0.2915769
0.0
0.0
0.49116024
0.27656302
0.42487487
0.5116549
0.6957153
0.7656491
0.5581055
0.6184091
0.5432265
0.68592083
0.58320326
0.6083335
0.5722927
0.0
0.4989959
0.504945
0.61642367
0.40043524
0.0
0.5961305
0.5787436
0.0
0.27644578
0.4256968
0.6114474
0.27223217
0.6824826
0.62288284
0.26956862
0.65839505
0.5120526
0.5009246
0.28970516
0.35220602
0.5886944
0.15214857
0.4216993
0.326122
0.4055884
0.2696528
1.1376843
0.42051116
0.50148356
0.48071957
0.60295975
0.44148824
0.0
0.6729517
0.0
0.46959332
0.32084525
0.6596016
0.44944263
0.47372526
0.1324859
0.57075363
0.5332645
0.69882464
0.0
0.2829394
0.392626
0.30407766
1.6465389
0.62002444
0.74884146
0.42980716
0.6103552
0.25193268
0.0
0.6725145
0.16450655
0.4350055
0.6472808
0.5112943
0.17760476
0.6891268
0.32674924
0.0
0.66028255
0.106709614
0.61949384
0.6936502
0.39806825
0.42682278
0.0
0.42114896
0.0
0.51704174
0.7885612
0.7483599
0.40660867
0.6846374
0.56749356
0.6359223
0.6748462
0.6999069
0.42324972
0.6097225
0.63748753
0.65609586
0.70414805
0.5079789
0.6839436
0.5759497
0.0
0.37522903
0.67452866
0.5156496
0.543575
0.35150754
0.5216751
0.47691482
0.4508991
0.41115016
0.612689
0.4344971
0.5662307
0.62836826
0.28063473
0.08122801
0.2896273
0.04962062
0.6940072
0.82953155
0.29197082
0.31284222
0.4679041
0.7967335
0.5742875
0.69303834
0.59917516
0.0
0.5514222
0.63122755
0.43617246
0.6573104
0.62974125
0.47007936
0.6718203
0.0
0.0
0.6642579
0.6002438
0.0
0.3729797
0.69863
0.6157668
0.6085445
0.55983114
0.43113047
0.2690085
0.63648736
0.52239347
0.55166376
0.5072387
0.6837054
0.60136104
0.6214142
0.0
0.60280854
0.0
0.6852871
0.33705735
0.5815253
0.0
0.33158624
0.0
0.19669652
0.60666424
1.1790322
0.0
0.0
0.645896
0.56917894
0.4397344
0.3436476
0.73962104
0.41417587
0.66051966
0.6042508
0.6306702
0.5338739
0.6281121
0.39703566
0.49083596
0.46153414
0.5837107
0.5387025
0.59919256
0.21484677
0.40453556
0.6554845
0.50569755
0.2435262
0.6826274
0.565252
0.81793135
0.37045476
0.75184315
0.53788257
0.590045
0.59650207
0.29748005
0.45930514
0.44602448
0.7019075
0.63342386
0.61742324
0.7214037
0.32661682
0.51653093
0.4504463
0.67756
0.6661401
0.6463579
0.6792795
0.6451925
1.0770288
0.5356665
0.72359294
0.42719927
0.66418755
0.58401686
1.4950958
0.11787209
0.34334326
0.38699
0.49304757
0.49016994
0.4375674
0.6466194
0.5243412
0.66625524
0.123507164
0.24063805
0.42087054
0.6252811
0.3171457
0.58729875
0.8367527
0.39798543
0.32776943
0.5623407
0.55314285
0.2458614
0.5935517
0.68886256
0.61134726
0.6148955
0.25250074
0.24779122
0.5378122
0.6466519
0.29322165
0.61528736
0.22010532
0.6889944
0.6361602
0.6196772
0.6445683
0.37792605
0.64611036
0.21512426
0.6713085
0.59238863
