0.591959
0.41382477
0.4648125
0.42564642
0.5005351
0.11721727
0.46722993
0.25353444
0.2554239
0.48422354
0.0
0.42168382
0.21141161
0.6129395
0.79135275
0.46464008
0.43202165
0.76372963
2.7637687
0.44679484
0.48187366
0.110310264
0.13510329
0.0
0.5048882
0.21455058
0.0
0.42711756
0.256355
0.0
0.2860549
0.38249135
0.42255628
0.46734434
0.5008536
0.37907758
0.42677152
0.41768804
0.44024327
0.69282347
0.41818926
2.6085448
0.37377363
0.25443503
0.45251572
0.29662722
0.14406535
0.46979326
0.47472048
0.866521
0.18632919
0.0
0.18754226
0.45506328
0.38021103
0.85494405
0.70635754
0.4841685
0.38055092
0.4536623
0.482287
0.46988666
0.08031093
0.6241647
0.21160503
0.3151762
0.0
0.44937727
0.18161774
0.42227373
0.4289294
0.45274907
0.0
0.0
0.33569384
0.46613052
0.39383247
0.35426724
0.46175787
0.46646795
0.47264248
0.13146049
2.736621
1.2383236
0.49056318
0.71358126
0.49269062
0.6292266
0.46692637
0.45830524
0.49762225
0.7799927
0.4826634
0.21900174
0.49258763
0.43007162
0.45683005
0.4132211
0.40443602
0.4215717
0.41586816
0.457788
0.2877678
0.13857114
0.43767628
0.80930364
0.43972814
0.45870176
0.0
0.25227615
0.44162875
0.69493175
0.46221823
0.5058124
0.4530765
0.48210666
0.61851573
0.292842
0.38155505
0.38422
0.44195783
0.1582795
0.0
0.4273422
0.0
0.5071613
0.29365927
0.19940268
0.48267275
0.93802726
0.44753394
0.4841746
0.42561963
0.0
0.4681813
0.7367486
0.4090892
0.40818676
0.45811385
0.45916256
0.23901537
0.4395041
0.4794064
0.21558575
0.45819435
0.47157648
0.07065007
0.3693027
0.2932153
0.33429372
0.38226908
0.62131673
0.51230496
0.30643907
0.49643546
0.0
0.106449
0.82598984
0.42556712
0.48355854
0.48592633
0.21261086
0.4260841
0.21538687
0.42847273
0.4730465
0.7237251
0.21162531
0.663767
0.43033257
0.45865688
0.6699291
0.7066568
0.1729723
0.5359369
0.0
0.5185098
0.45219916
0.38647908
0.5944862
0.35478038
0.37934825
0.40425527
0.06539108
0.50241977
0.37417364
0.5646156
0.24302796
0.49875876
0.6223853
0.4541623
0.3755705
0.47191352
0.436683
0.4596248
0.47951993
0.3317959
0.0
0.2742865
0.61827284
0.45336732
0.15846902
0.5127499
0.46079928
0.61107594
0.45871124
0.3120735
0.49272737
0.46119717
0.43435583
0.41062143
0.43712935
0.44777903
0.44305956
0.42585537
0.15114652
0.41730005
0.33698332
0.37248245
0.45070416
0.44860694
0.5778032
0.23527262
0.46150368
0.020525342
0.65422237
0.25806317
0.72251564
0.6654917
0.0
0.57426333
0.6344296
0.53176045
0.7496772
0.21905851
0.4490703
0.0
0.4367356
0.21993172
0.4806825
0.0
0.4934276
0.0
0.41075242
0.5877534
0.2836124
0.0
0.45568472
0.40554056
0.28582415
0.0
0.45419875
0.53942794
0.48108935
0.25597018
0.1682828
0.4515733
0.33076578
0.1620709
0.54917055
0.83322936
0.28579712
0.4141756
0.1901954
0.45874798
0.0
0.44494447
0.56188744
0.2041252
0.47182265
0.3989241
0.45854336
0.28643098
0.45991987
0.46241882
0.61192584
0.24056056
0.46966696
0.51186305
0.31235766
0.6214858
0.45201352
0.47494394
0.27228203
0.4909075
0.57901466
0.33493918
0.24633516
0.38874063
0.48093984
0.5403696
0.42589715
0.46429574
0.46927762
0.3970957
0.6197888
0.5974757
0.36848325
0.3907418
0.47841528
0.0
0.5657239
0.0
0.77089536
0.30504063
0.19377084
0.16612762
0.30907944
0.0
0.43609428
0.41919473
0.44658816
0.6866534
0.4220898
0.4917903
0.648681
0.4854567
0.42756927
0.36678964
0.5643539
0.45843023
0.47451147
0.11135613
0.0
0.4673625
0.4329844
0.4220298
0.6694362
0.44779065
0.49254173
0.43645152
0.46473062
0.31758437
0.0
0.0
0.5578866
0.29909036
0.37195176
0.5633014
0.4790258
0.8110346
0.39167
0.42525393
0.37825462
0.4699186
0.40192765
0.43252453
0.40376183
0.0
0.34740022
0.5749593
0.4269239
0.2745718
0.0
0.4134826
0.62991166
0.0
0.26543957
0.4196149
0.6744611
0.27844658
0.46954414
0.4290091
0.2704974
0.45005965
0.52668685
0.5650619
0.19805582
0.30403858
0.6657232
0.12743233
0.38146785
0.3544815
0.28034717
0.20143214
0.99365264
0.43380353
0.38556778
0.47139966
0.41679785
0.30673173
0.0
0.4667792
0.0
0.32358924
0.33006522
0.46015915
0.4847492
0.5138829
0.16303912
0.39859924
0.5617481
0.48167148
0.0
0.19985871
0.3143254
0.20577702
1.4101528
0.4253711
0.53223664
0.48374283
0.42242277
0.17839265
0.0
0.49018157
0.11351324
0.4531601
0.44377336
0.40693757
0.14665863
0.47177148
0.23578241
0.0
0.45647976
0.1032309
0.42458862
0.4780179
0.40622744
0.45732808
0.0
0.29115033
0.0
0.35932627
0.8054275
0.5475167
0.4302492
0.47748107
0.63744587
0.44492194
0.45827985
0.49107987
0.4474425
0.42464334
0.44124588
0.46229774
0.7748949
0.4222736
0.475283
0.634327
0.0
0.39685708
0.46734947
0.55293226
0.40940806
0.24648884
0.3549371
0.33113283
0.47818318
0.38248608
0.41787955
0.4506228
0.60799074
0.43789402
0.30225638
0.05338044
0.19145928
0.055663977
0.7657852
0.57217
0.27767706
0.22381333
0.5150049
0.84733063
0.39503652
0.4769586
0.412065
0.0
0.3878215
0.43504748
0.4908262
0.47148487
0.4339748
0.47857615
0.45998865
0.0
0.0
0.46135
0.6376418
0.0
0.38029057
0.74917877
0.42806363
0.62800556
0.3896941
0.4070839
0.17946614
0.44063962
0.5527463
0.38564095
0.35144213
0.7455653
0.40799612
0.43237135
0.0
0.41648906
0.0
0.48066834
0.23285015
0.40526396
0.0
0.22898601
0.0
0.21261787
0.6876531
1.041873
0.0
0.0
0.66338277
0.39399752
0.49480405
0.3553599
0.753371
0.37970954
0.72240883
0.41387618
0.43903318
0.37424645
0.43677962
0.39931074
0.34147674
0.49019733
0.51669127
0.5542283
0.41586825
0.17032279
0.47362095
0.45280555
0.5081793
0.25384888
0.48093703
0.39741263
0.8882135
0.2543907
0.7969666
0.5655045
0.41038013
0.67755765
0.288282
0.50959885
0.46116784
0.76640415
0.44376647
0.68382716
0.7773034
0.22768396
0.52539045
0.33500895
0.47520554
0.46569118
0.45147687
0.7355252
0.44025522
0.9203555
0.5982237
0.49478227
0.29782438
0.45175904
0.63474107
1.3044356
0.0865518
0.26572266
0.46214944
0.44467157
0.37177226
0.31575617
0.44616303
0.36799186
0.4593618
0.07920355
0.23732013
0.29896054
0.4324952
0.32722488
0.6415869
0.8528543
0.4357689
0.32047722
0.39087808
0.37827897
0.1737781
0.40459064
0.47777617
0.41329426
0.43241596
0.23404337
0.20945698
0.5578105
0.7131649
0.21138376
0.42543375
0.1518724
0.49185866
0.44042197
0.4311163
0.4503757
0.46898252
0.4456157
0.15899436
0.4543864
0.40991473
