0.6536701
0.27133304
0.30060726
0.44370756
0.5541872
0.076057225
0.30431607
0.27721578
0.2228495
0.31846982
0.0
0.36693454
0.21905275
0.47256008
0.86782414
0.30688038
0.28173798
0.80346537
2.4296594
0.2892875
0.30736643
0.06923675
0.0870433
0.0
0.32903087
0.14480461
0.0
0.27702653
0.1724496
0.0
0.28203264
0.4330573
0.2739469
0.30167222
0.35361713
0.33567622
0.2831375
0.31762537
0.28347483
0.7535138
0.26671398
2.2680874
0.38720614
0.27989393
0.29453227
0.19091384
0.097554564
0.31254214
0.31117785
0.93601716
0.11995459
0.0
0.122500196
0.30003768
0.2459755
0.8926392
0.7857703
0.31647334
0.24718085
0.41294175
0.3152079
0.30604592
0.05674112
0.63936275
0.14898811
0.20774566
0.0
0.292527
0.11418882
0.46102762
0.27912647
0.4899731
0.0
0.0
0.3904354
0.49083167
0.40329832
0.27522817
0.30128333
0.3052471
0.30901268
0.08908311
2.3925161
1.1267622
0.5102385
0.74943995
0.32281795
0.6622242
0.30103597
0.3041465
0.3247409
0.84152263
0.3115697
0.1425277
0.55522144
0.2783555
0.29347512
0.26647386
0.31812587
0.2977004
0.28659654
0.2935161
0.26544386
0.13476199
0.2884321
0.8447343
0.2876466
0.5117585
0.0
0.2589795
0.3531675
0.7372382
0.3026033
0.32932723
0.44623917
0.31772062
0.6397514
0.3007911
0.37333485
0.24627234
0.49364966
0.1022526
0.0
0.2796493
0.0
0.32915708
0.20468614
0.14414997
0.31163585
1.0096395
0.28717187
0.3141285
0.27488866
0.0
0.5131099
0.78339016
0.2699117
0.26728803
0.32923287
0.30364826
0.199117
0.2847127
0.31060693
0.1500168
0.30449075
0.33220288
0.061723966
0.2410607
0.1889538
0.21702014
0.2493811
0.66915655
0.33542225
0.20201945
0.32464322
0.0
0.10091096
0.8628078
0.42777142
0.31793246
0.31703052
0.13761424
0.46035922
0.1662008
0.4804435
0.31204844
0.78920597
0.21973269
0.72797847
0.28242764
0.2965464
0.7266374
0.7717565
0.11706913
0.52947986
0.0
0.58463556
0.29391867
0.25064665
0.63115084
0.37360233
0.41616306
0.2619985
0.04576379
0.34085137
0.240829
0.59685063
0.16456099
0.32373625
0.68940085
0.29265198
0.3183384
0.506608
0.2862326
0.29860228
0.51720476
0.33278635
0.0
0.1832711
0.6602566
0.30108547
0.12169231
0.42435923
0.3027833
0.6608002
0.31536138
0.21670061
0.324704
0.30016991
0.28052083
0.26886675
0.29997784
0.50519615
0.29326656
0.2769593
0.095977165
0.27427673
0.3785674
0.23897958
0.29559812
0.45560214
0.6122005
0.15577482
0.30202052
0.01184722
0.6815555
0.29708672
0.7582366
0.73401576
0.0
0.625453
0.6761926
0.34254155
0.8040592
0.17014167
0.46332824
0.0
0.2940238
0.14689855
0.3223041
0.0
0.49866924
0.0
0.26483694
0.6390525
0.2685356
0.0
0.29672015
0.2640815
0.18847495
0.0
0.29627448
0.5848914
0.51792
0.24445343
0.14977375
0.29680586
0.36796284
0.10388431
0.59729457
0.85336566
0.27856487
0.4018617
0.12804213
0.29166356
0.0
0.28498825
0.6227265
0.13144523
0.36817655
0.26476517
0.2990439
0.1871368
0.29540262
0.30270278
0.667365
0.15279105
0.46639198
0.58411103
0.20802484
0.69349486
0.29562885
0.3106104
0.29615092
0.31606334
0.59383714
0.29112595
0.2550265
0.42340994
0.31307858
0.5410627
0.28687072
0.30013534
0.304452
0.41695273
0.64172345
0.638494
0.24199246
0.25514102
0.3082043
0.0
0.6004685
0.0
0.84322286
0.20070863
0.16501182
0.11091603
0.3335526
0.0
0.46571845
0.27583495
0.28920814
0.7264957
0.45693412
0.32337874
0.6779795
0.3153956
0.27737027
0.24616827
0.5958674
0.3017163
0.5149692
0.07425796
0.0
0.30688852
0.28148898
0.27335703
0.72694415
0.2944811
0.31836396
0.28347036
0.3483125
0.32585776
0.0
0.0
0.6182365
0.32700822
0.33016035
0.6137688
0.31365985
0.8691851
0.25500318
0.27699378
0.24507056
0.29922318
0.2591705
0.27836472
0.2622593
0.0
0.22570412
0.64790195
0.27987465
0.18341257
0.0
0.26681405
0.678595
0.0
0.25598958
0.43009913
0.73873055
0.29395208
0.30287728
0.2884688
0.27625546
0.2901669
0.55449873
0.63906443
0.13342205
0.27926487
0.7341164
0.11646075
0.3565964
0.39088422
0.1853947
0.15361877
0.8871943
0.4443712
0.30578846
0.4671253
0.26895413
0.20022993
0.0
0.29864737
0.0
0.2182688
0.34176156
0.2979405
0.5297964
0.55433494
0.18868005
0.26160383
0.59478533
0.31791526
0.0
0.129644
0.2491618
0.13031526
1.2402427
0.27695292
0.35948098
0.53240764
0.27280736
0.12138163
0.0
0.35366094
0.077856876
0.47051352
0.28473955
0.32785442
0.12426021
0.30534947
0.17006187
0.0
0.3014216
0.10911681
0.27415577
0.31252477
0.42138752
0.49955046
0.0
0.19245563
0.0
0.2378412
0.835712
0.39519715
0.46645296
0.31125975
0.7022971
0.29234973
0.29931003
0.3171604
0.47643137
0.27345893
0.2881051
0.31623882
0.83889943
0.35185885
0.31034076
0.69057775
0.0
0.42876446
0.2996019
0.59361637
0.30618498
0.15934968
0.23415405
0.21721545
0.5031628
0.3657746
0.27120608
0.47270992
0.6560089
0.2815265
0.32222572
0.03715428
0.1274208
0.07062435
0.83963376
0.3791939
0.26964882
0.15158449
0.559832
0.8983238
0.2563398
0.30850387
0.26649758
0.0
0.24825612
0.28094023
0.5435701
0.32604662
0.2851732
0.4815144
0.29765183
0.0
0.0
0.3023552
0.6736302
0.0
0.40636134
0.80700797
0.28264672
0.6602962
0.255247
0.40196162
0.120401
0.2900628
0.58960956
0.25520507
0.2259884
0.8207716
0.2626456
0.28385967
0.0
0.27336338
0.0
0.3157219
0.15887734
0.26480642
0.0
0.15150823
0.0
0.23053889
0.7692092
0.9532735
0.0
0.0
0.6976097
0.25383553
0.5464689
0.37050846
0.7837496
0.35270822
0.77890444
0.2701435
0.2807786
0.24928954
0.2772112
0.41361976
0.22796586
0.53369117
0.4666441
0.5759965
0.26977122
0.14363521
0.54164606
0.29701346
0.51329875
0.26411796
0.3147624
0.25724277
0.9688266
0.16581576
0.8620264
0.5981573
0.26696077
0.74918836
0.29048058
0.5567723
0.48466304
0.8320853
0.30876005
0.7539622
0.8331707
0.15872476
0.5460768
0.24291125
0.31506807
0.3030126
0.3006885
0.7824234
0.2835081
0.8097125
0.66368103
0.3193861
0.19469252
0.29835418
0.68937284
1.1702557
0.06324127
0.2234644
0.52319366
0.40843922
0.27676105
0.22532351
0.28650934
0.23752815
0.3019858
0.051772855
0.24678382
0.19429582
0.28576374
0.34071216
0.6943086
0.88177973
0.47169217
0.31263554
0.2568722
0.24522685
0.112013005
0.26384187
0.30466798
0.27341798
0.29178962
0.22841616
0.18479082
0.58266073
0.7648079
0.14384623
0.28075442
0.1024574
0.343566
0.28832537
0.27769658
0.29202813
0.5619095
0.28764167
0.11647554
0.2980661
0.26524323
