0.5549584
3.8549285
4.208832
0.846463
0.5340392
1.128808
4.301211
0.23872572
1.3103335
4.457828
0.0
2.1613617
0.33268386
4.4595656
1.3371007
4.068818
3.6732755
1.4450747
14.676578
4.2431145
4.2228236
0.97787195
1.02449
0.0
4.5319223
1.8107414
0.0
3.889306
2.0150414
0.0
0.85698104
0.39990318
3.7775767
4.246559
3.9598575
1.8102872
3.8358817
2.9576385
4.14319
1.0826836
3.6463535
14.18096
0.6930959
0.28015524
4.190767
2.6985073
1.2738287
4.210217
4.3306246
1.4722326
1.5480865
0.08351217
1.6104134
4.204513
3.2724128
1.7951674
0.90069544
4.3735228
3.3352907
2.1300106
4.259428
4.2120385
0.6754616
1.8165122
1.6180017
2.8971334
0.0
4.084942
1.3180107
0.69525677
3.9763021
0.57923067
0.0
0.0
0.28043178
1.0000051
1.1414987
2.2325368
3.9979918
4.2797365
4.3121333
1.150773
14.561054
5.941707
1.2436768
1.5428921
4.2722545
1.4132787
4.1918545
4.179289
4.4673433
1.4472463
4.35004
1.8765844
0.46169278
4.040056
4.2119145
3.557369
2.7150676
3.4408436
3.587585
4.096106
1.094976
0.56290936
3.987759
1.9619962
4.0363865
0.42950603
0.0
0.6219338
2.9249725
1.3979061
4.126627
4.5363903
1.3935565
4.239723
1.6793027
0.6071724
1.2032546
3.6755
0.3848803
1.0477134
0.0
3.650092
0.0
4.276607
2.4103277
1.2985282
4.56401
1.8634884
4.1417065
4.4643183
3.9070137
0.0
0.6626171
1.490436
3.7881234
3.6794596
3.8213558
4.227278
1.6483645
4.157799
4.1260505
1.710691
4.184255
3.8631525
0.18787196
3.5404134
2.5474174
2.920166
3.6089592
0.9112667
4.3569264
2.666784
4.351094
0.0
0.36394078
1.8361639
1.0362414
4.181135
4.446949
1.8593187
0.7492276
1.2818031
0.46563637
4.2711453
0.915707
0.64509094
0.6569364
3.9704087
4.2416425
0.90735567
0.73620236
1.5411357
1.7198935
0.0
0.53428555
4.06799
3.505652
1.1899066
0.64272726
0.40705913
3.729611
0.44415396
4.29592
3.5884407
1.0407369
2.0552974
4.508068
0.6202437
4.2969613
2.2752812
0.7305067
4.0501537
4.232668
0.74393827
0.9150181
0.0
2.2336204
0.9348944
4.135527
1.2329298
3.1658316
4.201489
0.7711426
3.951995
2.622801
4.591294
4.216101
4.103679
3.7734523
3.8247292
0.5539288
4.0069165
3.9380765
1.1371961
3.473462
0.23221877
3.1698592
4.083877
0.9826372
1.2165457
1.9355372
4.157642
0.10887746
1.5694396
0.20420589
1.5809472
0.84165853
0.0
0.5048691
1.056114
4.6430335
1.4906291
1.5999967
1.1148056
0.0
3.853855
1.9129301
4.1277246
0.0
1.314275
0.0
3.5534635
0.64362305
1.0050821
0.0
4.06486
3.7325335
2.4476564
0.0
3.9754105
0.68899024
0.4990364
1.0614176
0.6627866
4.216332
0.48175398
1.1140242
0.8358626
2.0530388
0.9525797
1.3030745
1.3716098
4.041788
0.0
4.1378856
0.7253403
1.6271741
3.0516217
3.487841
4.2091227
2.6141694
4.2716064
4.0656366
0.98509127
1.8749313
1.3383194
0.32032514
2.9026763
0.58996964
4.094002
4.368209
0.43018547
4.392
1.2302624
1.4371134
0.53733426
0.47293603
4.3859463
1.6257569
3.887647
4.1247396
4.3239803
1.1138543
1.1831186
0.6486616
3.1734645
3.528331
4.3462296
0.0
0.89861864
0.0
1.098031
2.5273726
0.70328766
1.3827877
0.40582415
0.0
0.90299815
3.8782465
4.086328
1.2659544
0.5516003
4.503638
1.2521777
4.2153444
3.921761
3.0870183
0.7766917
4.017267
0.7696317
0.96544796
0.0
4.2849126
3.827279
3.8146834
0.8696752
3.9995074
4.3913054
4.0174136
3.1876202
0.5892942
0.0
0.0
0.44112507
0.37762862
1.6638831
0.78412914
4.2253966
1.4428866
3.4790046
4.0392485
3.3012772
4.565923
3.5741699
3.90697
3.24156
0.0
3.1076887
0.42902824
3.9000401
2.402441
0.0
3.6920311
0.7842031
0.0
1.0356988
1.0655146
0.9788522
0.65350074
4.260841
3.9500895
0.70293367
4.007467
1.2913721
0.48803928
1.8484353
1.2119731
0.7981538
0.57384306
1.5374656
0.6891781
2.4755435
1.256348
4.6842527
0.97125936
2.648491
1.3022808
3.8421102
2.6187103
0.0
4.383313
0.0
2.9272676
0.62081385
4.3314085
0.5440779
0.77317345
0.06324766
3.6181002
1.0191793
4.248929
0.0
1.7125039
1.9588963
1.7341641
7.6540837
3.970948
4.566185
0.57279986
4.037106
1.5037905
0.0
3.7364273
0.96273434
1.1297641
4.0197387
2.4477918
0.74832606
4.14727
1.868609
0.0
4.1200294
0.17018902
4.038347
4.3349686
1.1251931
0.6343756
0.0
2.516498
0.0
3.1843581
2.0588183
4.3186464
0.6126499
4.4302363
0.905373
3.937202
4.2981396
4.426659
0.7159219
3.8279903
3.8980923
3.9260414
1.2290236
2.477477
3.9925668
0.8865163
0.0
0.8405943
4.365175
1.1070429
2.8765037
2.101613
2.9733996
2.913777
0.8475646
1.6033484
3.8114624
0.6967607
1.0742497
4.0085382
0.54503226
0.298607
1.5073279
0.15404594
0.8053897
5.5036373
0.81739867
1.9690175
0.58019406
1.7242997
3.5599723
4.1838007
3.74396
0.0
3.234404
3.946122
0.6884279
3.985381
3.9351137
1.229854
4.151636
0.0
0.0
4.139149
1.3392861
0.0
0.75075096
1.310676
3.9049134
1.1580482
3.6724274
1.1700097
1.3678635
3.9563978
0.955616
3.334827
3.0230832
1.2248584
3.761575
3.9891937
0.0
3.903931
0.0
4.053793
2.0023105
3.7749717
0.0
1.8088391
0.0
0.58163685
0.89189786
4.7608595
0.0
0.0
1.5826393
3.7159822
0.55330586
0.7097584
1.5999802
1.4735161
1.0290523
3.7683249
4.046974
3.3960972
3.800971
0.96318835
2.9219434
0.7167896
2.526391
0.9382558
3.631973
1.0161023
0.321853
4.3022695
1.3076664
0.7022233
4.298015
3.667343
1.6233636
2.249455
1.4690652
0.9196452
3.736789
0.83548236
0.7865425
0.61496377
0.8446876
0.95070285
3.9891772
0.8149216
1.35127
1.9263284
1.2629243
2.4820983
4.2703366
3.9389288
4.0402093
1.3670967
4.1667643
4.64692
0.6391464
4.485653
2.6570778
4.1294847
1.1031654
6.6829214
0.5190739
1.7774667
0.41593614
2.0326939
2.6954744
2.517524
4.1396637
3.26008
4.122252
0.52665776
0.3241604
2.3081152
3.8045263
0.78224164
0.99896944
2.0072339
0.6174122
0.8475534
3.6730835
3.3533156
1.2679282
3.763816
4.440503
3.7563171
3.870824
0.5658519
0.94708943
0.95465016
1.0617133
1.5451182
3.8835685
1.2147392
4.32374
3.914375
3.8343601
4.0847573
0.0
4.042246
1.1910441
3.8675
3.7910247
