0.74537736
0.13340247
0.14605972
0.48447993
0.6315804
0.0405349
0.1528678
0.31629145
0.20175013
0.16774431
0.0
0.32612324
0.23706797
0.35221922
0.9830224
0.15927039
0.14666063
0.8838053
2.192318
0.14445375
0.14508013
0.037067015
0.048059385
0.0
0.16850965
0.07764251
0.0
0.14194444
0.09142495
0.0
0.28976446
0.4953365
0.13844964
0.14753443
0.22899131
0.30436176
0.14705908
0.225616
0.14117965
0.84495276
0.12669462
2.0230463
0.41931385
0.32287124
0.14411153
0.091256835
0.04872232
0.15653445
0.16377069
1.0331317
0.05714051
0.0
0.06803038
0.15215997
0.12375141
0.96621317
0.8888105
0.15766342
0.124192245
0.3855764
0.15938444
0.14998847
0.027503269
0.67997694
0.092361666
0.10998507
0.0
0.14951116
0.054463193
0.51338524
0.1376387
0.5470045
0.0
0.0
0.4564959
0.5338342
0.42810115
0.21069539
0.15249865
0.15972342
0.14935762
0.050631817
2.1417506
1.0602654
0.5438392
0.81139153
0.16580786
0.717713
0.15918104
0.1627646
0.16486828
0.9358899
0.15533559
0.07843603
0.63600373
0.13174617
0.14355667
0.13579
0.24835932
0.18731056
0.1664525
0.14243138
0.2566061
0.13309738
0.14780706
0.9140724
0.14351001
0.58502793
0.0
0.2865979
0.27897167
0.81204367
0.1580007
0.16693585
0.45849708
0.17002389
0.6848656
0.32097372
0.38501403
0.11886176
0.5656336
0.057325274
0.0
0.142219
0.0
0.16625755
0.123424575
0.101433106
0.15279174
1.1156329
0.13797502
0.16476658
0.1400956
0.0
0.5757376
0.8626985
0.14001258
0.13393542
0.2168061
0.15918922
0.16563196
0.14825252
0.16135685
0.08484241
0.15815319
0.20210002
0.05474826
0.113709435
0.09080759
0.11010475
0.12434334
0.74516296
0.16886967
0.10532456
0.1693861
0.0
0.103332445
0.93669283
0.44464824
0.16927423
0.15915374
0.069826394
0.5135756
0.12227769
0.5517727
0.16202328
0.8922208
0.2301493
0.82282585
0.14486773
0.14996092
0.81446064
0.86724705
0.07379717
0.5411272
0.0
0.6743726
0.14222938
0.12296924
0.69431305
0.40052086
0.4684037
0.13147858
0.026177133
0.20216301
0.119712435
0.6584637
0.09474757
0.16058806
0.7782306
0.139181
0.2706967
0.5534569
0.14307413
0.14869377
0.5832967
0.34805366
0.0
0.095662445
0.72679186
0.15996149
0.09087288
0.3524629
0.149578
0.7443783
0.1840532
0.13439578
0.16971043
0.15574498
0.13769364
0.13620475
0.1749823
0.5800499
0.15254349
0.13640128
0.04826107
0.1383805
0.437382
0.11719204
0.14872563
0.47915325
0.6715631
0.079941064
0.16035624
0.0033893804
0.7366809
0.34237418
0.8198702
0.828056
0.0
0.7148125
0.7437504
0.17171848
0.8924521
0.123824336
0.49058422
0.0
0.16899082
0.074439324
0.18677008
0.0
0.5247849
0.0
0.12981388
0.7204934
0.2560396
0.0
0.15163484
0.13554744
0.092740916
0.0
0.14689313
0.6558705
0.5745492
0.24233449
0.12641512
0.15272582
0.4255747
0.05495753
0.6696751
0.90911466
0.2887764
0.41230282
0.06431195
0.1433291
0.0
0.13616998
0.7032409
0.07222269
0.2832426
0.13682456
0.15047322
0.097221725
0.14105086
0.158012
0.74742085
0.076346464
0.48045415
0.6824439
0.11286183
0.7895371
0.1525375
0.1650855
0.32862014
0.15589738
0.6333944
0.2620437
0.27160665
0.47257525
0.15612102
0.5654357
0.15512039
0.14804745
0.14994237
0.44416112
0.6863131
0.7081692
0.13256407
0.13119574
0.15592673
0.0
0.6531717
0.0
0.9479856
0.100605875
0.14388612
0.058407184
0.3737603
0.0
0.5040179
0.13400243
0.14452903
0.7974752
0.5171241
0.17011893
0.7328511
0.15489262
0.13443477
0.13529207
0.65412503
0.15142986
0.5731766
0.041132983
0.0
0.16002667
0.13922283
0.13628294
0.81480485
0.14972062
0.15667099
0.13994879
0.24776997
0.35573855
0.0
0.0
0.706617
0.36728662
0.30292517
0.68758357
0.15472013
0.9582195
0.12713367
0.14155425
0.12305056
0.14286439
0.123347715
0.14394201
0.13616082
0.0
0.11646189
0.74349666
0.1443801
0.09837904
0.0
0.13650438
0.7551838
0.0
0.25457016
0.45656493
0.829636
0.31797686
0.14443704
0.15374148
0.29159224
0.14123628
0.60519975
0.73273045
0.07149235
0.26345187
0.82983005
0.102024704
0.34762642
0.43809956
0.093731105
0.10913245
0.81813776
0.47271898
0.23537742
0.4856385
0.13246037
0.10063705
0.0
0.14307052
0.0
0.11859156
0.37247387
0.15532418
0.58691335
0.61600614
0.22434844
0.13177224
0.64711845
0.16840613
0.0
0.064785294
0.19623414
0.067103714
1.1167116
0.13571383
0.20347597
0.60087126
0.13199349
0.07100649
0.0
0.22755209
0.04351246
0.504861
0.13806663
0.25957847
0.111374155
0.14828229
0.10964093
0.0
0.16433832
0.11930432
0.13092951
0.15165837
0.45391497
0.5576945
0.0
0.0959337
0.0
0.12316724
0.8933905
0.25801623
0.51475316
0.15525828
0.79642105
0.15715082
0.14376391
0.16255751
0.5256514
0.1363198
0.15397571
0.18162253
0.9437151
0.30087435
0.1569098
0.77437
0.0
0.47447696
0.14495674
0.6569185
0.21831647
0.08471785
0.11403537
0.11326485
0.5493254
0.3596207
0.13093185
0.5150323
0.7269727
0.13899757
0.35964525
0.017568916
0.06431705
0.087882236
0.9445494
0.19639842
0.2743257
0.081384905
0.63273907
0.98728967
0.12700568
0.15052831
0.1306117
0.0
0.121010646
0.14157395
0.6188402
0.18899396
0.14527676
0.50780725
0.14474109
0.0
0.0
0.15569247
0.74020016
0.0
0.4426952
0.89631057
0.15118873
0.72070694
0.13358876
0.4112508
0.061886385
0.15316088
0.64488375
0.13475712
0.11114105
0.92394996
0.12392519
0.14972834
0.0
0.14030492
0.0
0.16685587
0.08433979
0.13995439
0.0
0.07555529
0.0
0.25320703
0.8795929
0.8991368
0.0
0.0
0.75424916
0.12952314
0.6187191
0.4010845
0.8456839
0.34300342
0.86826617
0.1329145
0.14011993
0.12857008
0.13157651
0.4457066
0.12614568
0.59055245
0.43332213
0.6176934
0.1322905
0.1253191
0.6300639
0.15183432
0.53760576
0.28331298
0.16342494
0.12831414
1.0807222
0.086954534
0.9512416
0.65525424
0.1354056
0.8520954
0.3070175
0.6318612
0.52788174
0.93200123
0.18228547
0.84917945
0.9199636
0.092300326
0.58537227
0.16426337
0.16546898
0.15305634
0.16350652
0.8683812
0.14064635
0.728495
0.7459993
0.15803511
0.101118326
0.15113327
0.77030605
1.080983
0.04275464
0.18566382
0.6105532
0.3867426
0.19864377
0.14740472
0.13390507
0.12560642
0.15614724
0.027911387
0.26192626
0.10326089
0.15676211
0.36973405
0.77906203
0.9420271
0.53056663
0.31803283
0.12981485
0.12021161
0.056528427
0.12989093
0.1450112
0.13543817
0.16197152
0.22955655
0.16798459
0.63143474
0.8518833
0.08047682
0.14070788
0.060526785
0.20686129
0.15131694
0.13813329
0.14974242
0.6720219
0.14642799
0.07855433
0.14800781
0.13402137
