0.8055555
0.0011794548
0.0007341802
0.5012343
0.69299287
0.003947689
0.0037203021
0.3393597
0.17883314
0.019636558
0.0
0.2759275
0.24721277
0.22502242
1.0694593
0.017332569
0.008488266
0.9344462
1.9033717
0.004204685
0.0
0.008540729
0.004282349
0.0
0.002555077
0.006067641
0.0
0.005842343
0.015470176
0.0
0.28744635
0.5490242
0.0010791589
0.0
0.09981473
0.2662591
0.0067992033
0.14031051
0.0011327695
0.9080995
0.0
1.7335525
0.43763596
0.3514831
0.0
0.0
0.008284755
0.0069133462
0.02333484
1.1088828
0.0010390822
0.0
0.0064168563
0.015897494
0.002628929
1.0203302
0.9721427
0.0017777346
0.006527733
0.3511801
0.008355461
0.0017823111
0.0004297332
0.69755703
0.040658176
0.010768615
0.0
0.009357444
0.0012393049
0.55671597
0.0069549885
0.5883416
0.0
0.0
0.5139033
0.56238705
0.4378875
0.14189261
0.0019790735
0.015736122
0.0012418423
0.010354236
1.8592718
0.9747804
0.5697074
0.854486
0.009336812
0.7596873
0.003278411
0.015184678
0.0091181155
0.9971017
0.008726805
0.011669925
0.70066106
1.7464161e-05
0.0
0.0006975364
0.17634189
0.07200481
0.050083164
0.0024396013
0.239327
0.12620462
0.010266719
0.96510816
0.008074359
0.6399859
0.0
0.29681093
0.199059
0.8692374
0.011546622
0.0029194644
0.46761006
0.012428539
0.7194644
0.33964157
0.382004
0.00088691525
0.6208046
0.0044008563
0.0
0.0053554503
0.0
0.002272508
0.037656344
0.051602088
0.0019393135
1.1954108
0.0
0.012374785
0.0
0.0
0.6192151
0.9061775
0.009264315
0.0033783242
0.09667934
0.013385977
0.13329595
0.008356104
0.0046730693
0.031519573
0.015098633
0.07820932
0.043644916
0.0015293658
0.0
0.004667624
0.007075982
0.79720867
0.00833741
0.011937444
0.014279688
0.0
0.10514336
0.9850269
0.44400826
0.023651268
0.0
0.003955653
0.54517096
0.086499974
0.60760254
0.0139277335
0.9622321
0.23971166
0.8939272
0.014530943
0.0
0.8775593
0.9371821
0.0221676
0.548172
0.0
0.74787015
0.0
0.0045637954
0.743853
0.4198943
0.5010703
0.00040313043
0.007961268
0.06320872
0.006522564
0.6948062
0.022887178
0.0034590298
0.8478818
0.0
0.21960843
0.58869904
0.00066176616
0.0014974922
0.62908113
0.3581524
0.0
0.016670752
0.77148503
0.019862691
0.049851708
0.27218625
0.006162447
0.8017947
0.056898933
0.05202877
0.017379042
0.012159163
0.0022864714
0.009484412
0.05144585
0.63669646
0.015945893
0.00016940851
0.0
0.0061372034
0.48369938
0.0010266397
0.012048724
0.49329853
0.71330965
0.008985902
0.010116845
0.0
0.78109735
0.37725395
0.86701155
0.8957018
0.0
0.7751936
0.7893649
0.0
0.95618933
0.07052298
0.51139426
0.0
0.043247562
0.0047018286
0.042105176
0.0
0.5335455
0.0
0.0
0.77868646
0.2348419
0.0
0.004419226
0.004176602
0.0016123913
0.0
0.0023295833
0.70344007
0.61941636
0.23215328
0.11167886
0.01212238
0.46492666
0.0
0.7234034
0.9410366
0.28482693
0.41182095
0.0008056853
0.0
0.0
0.0
0.7635073
0.0050962754
0.18917617
0.013280211
0.0037679253
0.013801003
0.0
0.016934525
0.8039093
0.0
0.48466313
0.75794566
0.018046793
0.8717487
0.013445636
0.011276301
0.35885745
0.00027975067
0.65393186
0.22150004
0.27915126
0.51202726
0.0008911975
0.5726513
0.021671947
0.0049941735
0.002377702
0.4622301
0.7135277
0.74678713
0.018343074
0.002409462
0.011239471
0.0
0.6909774
0.0
1.0312959
0.0031538154
0.116110474
0.0070927856
0.41118625
0.0
0.53366303
0.0007172357
0.00047458708
0.8442933
0.5531968
0.017187014
0.7750493
0.0
0.0
0.018947521
0.68629926
0.004574579
0.6167646
0.0081385225
0.0
0.0123009775
0.0
0.0021913256
0.8774715
0.008918143
0.0
0.001420794
0.15222116
0.37098125
0.0
0.0
0.7684302
0.3950414
0.2706714
0.74104327
0.0010110755
1.0231935
0.0077536637
0.0061385734
0.0031464547
0.0
0.0
0.0
0.0061222333
0.0
0.007226081
0.8192463
0.0021146685
0.012171068
0.0
0.0074929614
0.8063342
0.0
0.24611053
0.47780216
0.899413
0.3323021
0.0
0.016236082
0.30137193
0.0
0.64039856
0.8075265
0.006917117
0.24471433
0.9032809
0.093004614
0.32875037
0.47717705
0.004528295
0.06531542
0.73492914
0.48496372
0.15645999
0.48882213
0.0029477784
0.0033327304
0.0
0.0
0.0
0.018788949
0.38469478
0.008475356
0.6273818
0.6548602
0.25098768
0.0042329803
0.6791705
0.016802914
0.0
0.0012792526
0.14489833
0.0
0.9743496
0.0009148065
0.042954627
0.6521934
0.0
0.011738042
0.0
0.10005976
0.011534052
0.5266636
0.0
0.19005892
0.088255435
0.0
0.04893186
0.0
0.021061283
0.123531684
0.0
0.0
0.4667899
0.5967248
0.0
0.0038553588
0.0
0.015242404
0.9318001
0.121509194
0.5529705
0.0050181765
0.86118627
0.019378789
0.0037504807
0.0037722378
0.55880284
0.0004434064
0.0142959915
0.048881553
1.011465
0.23825285
0.00067128334
0.8341661
0.0
0.50776905
0.0
0.70093125
0.13022211
0.005207069
0.0
7.696543e-05
0.57462406
0.353476
0.0
0.54401803
0.7768698
0.0007882789
0.38366193
0.0063298186
0.0011190604
0.10017635
1.0256597
0.020218724
0.27191964
0.01870808
0.6842541
1.0442787
0.007504997
0.0
0.0027052937
0.0
0.0
0.00085056946
0.6663446
0.052458383
0.012443629
0.5137628
0.0014979094
0.0
0.0
0.0033103367
0.77920866
0.0
0.4720005
0.96147233
0.016520146
0.7577369
0.015755188
0.41069782
0.0055880966
0.008826995
0.6788271
0.017503869
0.0
1.0112107
0.0022915918
0.01846336
0.0
0.01299887
0.0
0.010300973
0.016452204
0.010151511
0.0
0.0008563455
0.0
0.27172095
0.96815115
0.82456625
0.0
0.0
0.7998736
0.006091196
0.66529757
0.41646257
0.8862711
0.32693568
0.9349097
0.0053723343
0.0011866018
0.013627179
0.0
0.46144563
0.019621186
0.6375105
0.39569587
0.63370645
0.0
0.09524884
0.69799393
0.00964733
0.54495984
0.30205667
0.009832938
0.0
1.1613986
0.014508713
1.021024
0.6829884
0.0070373956
0.92335886
0.3053326
0.6910456
0.5518085
1.004417
0.060562447
0.9164048
0.9878549
0.023722736
0.61079496
0.08290855
0.01319946
0.0013619633
0.014737414
0.92142516
0.0022143964
0.6425856
0.8181649
0.0
0.0073548807
0.0037847962
0.8313064
0.97168195
0.017677546
0.1489735
0.67482287
0.35886532
0.1150171
0.059883352
0.0
0.005628179
0.016267523
0.0
0.27620834
0.0020068148
0.018873272
0.38793072
0.83791625
0.9858387
0.5699954
0.3236122
0.015174519
0.0003400687
0.0004169913
0.0002085045
0.0
0.012708714
0.03680036
0.23130034
0.14100185
0.66776174
0.91377556
0.025239615
0.0037448509
0.012033299
0.06630606
0.010732942
0.0011216123
0.0037400946
0.76546746
0.00042990223
0.043647017
0.010220821
0.005292601
