0.51122993
0.321143
0.34715483
0.35894778
0.42960644
0.24395443
0.38193816
0.2973621
0.32970008
0.40471885
0.0
0.41659456
0.26302254
0.49589443
0.65385133
0.37461364
0.32752466
0.65759635
2.8421407
0.33031327
0.31019425
0.24876256
0.28410712
0.0
0.38471994
0.29792848
0.0
0.3621202
0.31297773
0.0
0.31274557
0.36092964
0.24246635
0.36531955
0.46407595
0.3986896
0.33671078
0.35938305
0.3573903
0.5519042
0.2583251
2.653379
0.35298318
0.29791176
0.29110175
0.24650306
0.2738167
0.3651774
0.4210713
0.7697908
0.25725552
0.24324319
0.2602277
0.3585455
0.35803854
0.6655378
0.6211051
0.3396986
0.30423227
0.4117456
0.35837862
0.34327775
0.2848625
0.48596215
0.31288284
0.35407013
0.0
0.37496635
0.2576445
0.35524946
0.3446929
0.40824848
0.0
0.0
0.33724743
0.41339856
0.36651075
0.36666626
0.32515097
0.37263566
0.2749485
0.31747112
2.7491958
1.3366745
0.4032714
0.56896895
0.34849638
0.53038543
0.37582272
0.37221175
0.35574883
0.64209086
0.3755999
0.3147561
0.40674576
0.14216883
0.22401048
0.34156632
0.38913578
0.37211516
0.34368268
0.29525837
0.3314535
0.2671056
0.3559331
0.67455417
0.36226404
0.385031
0.0
0.32976624
0.4167548
0.56853825
0.38388643
0.3971911
0.37177122
0.39358222
0.5289588
0.3173645
0.30626
0.3242498
0.36775118
0.21399464
0.0
0.31245238
0.0
0.36279532
0.32724968
0.30224168
0.3814373
0.8126979
0.25245163
0.383542
0.30894738
0.0
0.38459596
0.610936
0.32872614
0.27516615
0.3990608
0.33968526
0.34813294
0.39842552
0.30965352
0.34355706
0.39755002
0.36992377
0.22722024
0.3234246
0.2848668
0.3085255
0.2596217
0.52127934
0.41143137
0.35420406
0.38405445
0.0
0.25671312
0.69239795
0.3538642
0.43236893
0.2774741
0.29679945
0.37244856
0.29026824
0.3948835
0.38116378
0.5807972
0.29395217
0.5288305
0.39267924
0.30217052
0.4937421
0.5768117
0.30895004
0.42519826
0.0
0.42849356
0.20822321
0.3580367
0.52787983
0.29134983
0.32326704
0.33644056
0.26134098
0.43451652
0.2642902
0.45718262
0.31937954
0.35735935
0.51638496
0.18786865
0.38968846
0.3643478
0.24851847
0.3613807
0.38680565
0.33963603
0.0
0.34307426
0.49667263
0.36064386
0.28770033
0.42368704
0.35434473
0.47954935
0.36473757
0.36690643
0.40335706
0.3455026
0.22433604
0.34823528
0.35921803
0.3303414
0.36553502
0.36772278
0.2821317
0.3631024
0.34791508
0.33831164
0.330245
0.3673719
0.46934295
0.28767964
0.333782
0.23563588
0.49104854
0.2919985
0.5842773
0.5652055
0.0
0.46917439
0.5460971
0.35788992
0.6052374
0.34394088
0.3749159
0.0
0.39866182
0.32957724
0.401256
0.0
0.3916806
0.21499956
0.3546714
0.4569407
0.3129265
0.0
0.37010872
0.31243673
0.26415247
0.19413748
0.30878434
0.43595025
0.37224194
0.3121804
0.27450132
0.4078174
0.34810957
0.2060122
0.4666718
0.63109285
0.32420126
0.37536854
0.30053243
0.30937654
0.0
0.267862
0.45331317
0.2773642
0.39711535
0.30294403
0.34112364
0.28561527
0.2997275
0.3583734
0.46823627
0.2272313
0.36640003
0.4131953
0.3576217
0.51251405
0.3230683
0.38248023
0.2809839
0.32372916
0.41839954
0.35656568
0.30150092
0.3445867
0.3693803
0.4609379
0.32917506
0.38227886
0.3654557
0.41066244
0.46521917
0.47264314
0.3326856
0.3689442
0.3714724
0.0
0.44316286
0.0
0.6524942
0.30399588
0.25834134
0.30565804
0.41486096
0.0
0.41977167
0.3083298
0.3431533
0.5720042
0.3236055
0.34385917
0.5100026
0.3586504
0.22627911
0.33080402
0.4516616
0.35589117
0.38600892
0.27005124
0.0
0.36796212
0.25949535
0.33681375
0.5742445
0.33843157
0.27909985
0.33548096
0.44025046
0.3465105
0.0
0.0
0.45486385
0.31484562
0.3695383
0.4475523
0.36084768
0.7020001
0.34826142
0.3370028
0.30390665
0.23119646
0.32755166
0.33799988
0.29590398
0.0
0.3229014
0.49946195
0.30694997
0.27952155
0.0
0.3289446
0.5288039
0.0
0.41236046
0.39053935
0.59723485
0.4031144
0.29545796
0.3557466
0.31495574
0.2112809
0.44452766
0.4532745
0.29898983
0.34183997
0.5729889
0.44602323
0.35467544
0.42414707
0.28587645
0.3231369
0.9530991
0.41611242
0.4060396
0.36826593
0.32724294
0.33350605
0.0
0.14946543
0.0
0.31583527
0.290649
0.24069947
0.39175454
0.40324202
0.32276046
0.3344994
0.43869507
0.3566186
0.0
0.29155216
0.36702323
0.23723069
1.5396733
0.26931745
0.4224848
0.3928377
0.26081267
0.25822878
0.0
0.4046082
0.28521785
0.39639246
0.2509222
0.4009161
0.30485642
0.33604124
0.3527906
0.0
0.36089674
0.23593566
0.22184639
0.21629359
0.37240794
0.33185238
0.0
0.30214155
0.0
0.31127554
0.6324366
0.46147314
0.33871272
0.37198725
0.55383706
0.33644387
0.27719268
0.40205348
0.395393
0.31667525
0.36478
0.4051705
0.64712644
0.42119476
0.34433773
0.529055
0.0
0.35302556
0.21500373
0.43998176
0.38751906
0.31869042
0.25376767
0.23978937
0.36593992
0.33698666
0.2649497
0.32700497
0.50127137
0.3245724
0.29322383
0.23063983
0.23660128
0.25482142
0.6266615
0.0
0.30871525
0.33625293
0.4111315
0.7099095
0.34064415
0.25370035
0.36762983
0.0
0.4620542
0.28709352
0.44797617
0.36134815
0.36386085
0.3766295
0.3247988
0.0
0.0
0.34348392
0.5010551
0.0
0.34439388
0.64656246
0.35860053
0.46909752
0.34306484
0.3731921
0.23407452
0.34024853
0.4567358
0.29591286
0.285363
0.6310326
0.2925979
0.37406972
0.0
0.37405393
0.0
0.38406408
0.32422748
0.34479135
0.0
0.26966274
0.0
0.28989697
0.6045139
1.1082188
0.0
0.0
0.51225996
0.32086858
0.42342645
0.33812785
0.5892068
0.3522727
0.5887442
0.3265234
0.3340488
0.47639298
0.24075197
0.33653772
0.34970954
0.36359888
0.48264542
0.4067339
0.29764354
0.31048483
0.45387864
0.4226732
0.40240997
0.37251836
0.38672516
0.24641015
0.80814403
0.3116598
0.69910336
0.41605198
0.27880934
0.586524
0.33338684
0.3890862
0.38290122
0.64476985
0.3655643
0.5548633
0.66434515
0.29049015
0.43150827
0.3332918
0.3781589
0.32384595
0.33828458
0.6307624
0.36227039
0.9497483
0.51162744
0.34045336
0.3582938
0.31158742
0.5328976
1.4697047
0.24040264
0.34684315
0.31275797
0.3869136
0.38108882
0.3422373
0.16467756
0.2933974
0.3627823
0.23844156
0.2354938
0.2713735
0.32642326
0.34582788
0.51865506
0.7253675
0.34123343
0.29293016
0.35602975
0.23750508
0.23841262
0.3670744
0.20026876
0.3302489
0.36564112
0.32725367
0.31400013
0.43006998
0.56990695
0.30401993
0.36413282
0.2941253
0.4148266
0.31704232
0.29309875
0.36792624
0.37893057
0.33060557
0.31711152
0.31969985
0.30948484
