0.97476256
0.9178357
1.098348
0.74328905
0.9510151
0.57587576
1.287432
0.64566976
0.7927307
1.3231592
0.0
1.1221684
0.91200817
1.3650019
1.2007012
1.1772655
1.0403882
1.4492285
7.732886
1.0168574
1.2570297
0.7050918
0.66991174
0.0
1.2893548
0.76649404
0.0
1.0667425
0.96692526
0.0
1.0455317
0.68969816
1.0432806
1.1392822
1.2334545
1.0833013
0.9014164
0.93669283
0.9917355
1.0774295
0.99802333
7.3962016
1.0657406
0.99650294
1.0590413
0.7414375
0.74203545
1.0909952
1.0626769
1.3227705
0.9200816
0.47076425
0.75393355
1.0231866
1.1550541
1.3621082
1.0507076
1.1168748
0.9739054
0.930721
1.2043341
1.0156755
1.2300005
1.4239645
0.7723453
0.9780024
0.0
0.92843413
0.91083103
0.89584804
0.9681265
0.9772368
0.0
0.0
0.6655887
0.90819675
1.2304484
1.0102915
1.0797569
1.1116416
1.215971
0.77043617
7.6392636
2.8584175
0.93873024
1.3950979
1.1876385
1.3620814
1.1715745
1.1155652
1.3079209
1.1553156
1.261042
0.82218206
0.8339862
0.74663335
1.0572158
1.0854084
0.8259063
0.9045967
0.9738398
1.250332
0.8824156
0.72089064
1.0068958
1.476772
1.03415
0.7932343
0.0
0.91180754
0.9042149
1.3518306
1.219936
1.2219417
1.3203268
1.1341605
1.4729366
0.7157157
1.3017914
0.77343714
0.8384087
0.88386375
0.0
1.0660863
0.0
1.3533549
0.84486693
0.85902673
1.1728679
1.4671569
1.0416794
1.3333256
1.0099355
0.0
0.8880162
1.4213103
0.72279596
0.98255455
0.86862385
1.1486835
0.8034927
1.3061767
0.9005472
0.9085422
1.210259
0.984486
0.72912264
0.8154439
0.902681
0.8859544
0.99045384
1.0279994
1.1575674
1.0675368
1.1317762
0.0
0.71982807
1.4906981
0.92471313
1.3241502
1.3182704
0.82010376
0.62762123
0.6940818
0.7838686
1.0687555
1.0403296
0.72842693
1.0575292
0.88475007
1.226984
0.9475508
1.07635
0.6936506
0.86621183
0.0
0.7220114
1.032927
1.0469567
1.0311711
0.8520918
0.80620384
1.0458249
0.76423144
1.0495434
0.8474466
0.9452849
0.9194439
1.1720579
1.0100574
1.1126064
0.89299494
0.8506674
0.95549965
1.1454399
0.6921216
0.8040829
0.0
0.9794294
1.098907
0.95468384
0.65710413
0.9643355
1.0530397
0.9097751
0.9408447
0.9592147
1.2914956
0.9861821
0.95199907
1.2379675
0.97300655
0.65696734
0.9493042
1.0240784
0.7887552
1.0998119
0.6597718
1.0550103
1.2448516
0.86842793
0.8652911
0.8411187
1.0283271
0.6170525
1.3397231
0.6880461
1.0644071
1.0577058
0.0
0.8373002
1.203474
1.3925136
1.1870886
0.799415
1.2434609
0.0
1.080059
1.0001899
1.1436344
0.0
0.8754765
0.60686463
1.2427367
0.9878964
0.83934873
0.0
1.1897205
0.8241459
0.8279845
0.4571484
0.9790255
0.8994399
0.9865322
0.6665732
0.8615628
1.1221464
0.76681685
0.7032877
0.9593062
1.5524142
0.7023301
0.7828423
0.9221955
0.99572664
0.0
1.1210625
0.7818554
0.9376969
1.0039251
0.9748823
1.0673563
0.7778867
1.3179941
1.0618837
0.8804519
0.7056267
1.3397123
0.6499998
0.8550862
0.82972527
0.9371941
1.2296509
0.86073923
1.170109
0.8588488
0.898343
0.83852476
0.77422327
1.2492671
1.562992
0.9002866
1.0007151
1.2520593
0.84788626
1.113336
1.1573819
0.870337
0.9881761
1.0248027
0.0
0.9521637
0.0
1.0887368
0.89300555
0.9231113
0.82240534
1.1392895
0.0
1.2552619
1.1663857
1.1525058
1.2291441
0.9122194
1.287269
1.1119151
1.1611562
0.95172626
0.94520617
1.0624919
1.1096908
1.0550034
0.7029835
0.0
1.075568
1.2315791
1.1573343
1.1150168
0.9591997
1.2258343
0.93044657
1.3051131
1.0326041
0.0
0.0
0.7619163
0.7597062
0.9531656
0.90414023
1.0750346
1.2611641
1.0095562
0.9867636
0.92519253
1.0592778
1.2257034
1.0242515
1.0217165
0.0
0.8668548
0.89813906
1.1166466
0.7607425
0.0
0.8998287
0.9663828
0.0
1.2049264
0.7781143
1.0730755
1.1563112
1.2459745
0.9369555
0.54416335
1.0781679
1.1743517
0.8138327
0.80232775
0.93721074
1.1227903
1.2365857
0.8423913
1.1521178
0.6825235
0.95606357
2.0325449
1.0030435
0.9770154
0.8544735
0.9670576
1.0725046
0.0
0.8917069
0.0
0.77862036
0.8996052
1.1778811
0.76234263
0.83436567
0.9666354
0.8051056
0.933944
1.1010336
0.0
0.7707998
1.0054468
0.8371636
3.752962
0.9772329
1.4767107
0.9033471
0.884104
0.5772612
0.0
1.1066984
0.6998878
1.2251642
1.1485225
1.0282272
0.7517594
1.1626796
0.9491269
0.0
0.9541401
0.7948526
0.9073238
1.0841
1.1150852
0.72160035
0.0
0.8787925
0.0
0.77278334
1.5275376
1.3068712
0.7902116
1.118716
1.1795721
1.0672992
0.9762273
1.2027676
1.0513303
1.1070834
1.2319486
1.1003886
1.1604373
1.0773476
1.1944629
1.0694147
0.0
1.1260437
1.1737584
0.7740106
1.0533283
0.8989
0.82055604
0.7057456
0.86598223
0.66553694
0.9307922
0.9650024
0.92665523
1.1258456
0.7372578
0.66989094
0.8990766
0.6466796
1.0704728
0.0
0.70114386
0.8804986
0.9700119
1.4897342
0.96742725
1.198608
1.1603279
0.0
1.3834244
1.0254439
0.8878211
0.8890471
1.1067934
1.2813089
1.0589149
0.0
0.0
1.0362979
1.2478257
0.0
0.795388
1.1953448
1.0625286
0.9868542
0.8615248
1.0367888
0.82304496
1.0266974
0.95257556
0.8227784
0.7665055
1.1652416
1.0391922
1.0693854
0.0
1.0096803
0.0
1.2210089
0.85582393
0.9013595
0.0
0.8184672
0.0
0.95540893
1.0421984
2.3795774
0.0
0.0
1.280741
0.8715185
0.9467172
0.9849144
1.4431119
0.7705258
1.0036746
0.8917497
1.0612934
1.3184791
1.1393281
1.0472566
0.94057876
0.8012109
1.0610723
0.96000725
1.1711811
0.8257497
0.78568983
1.1858482
0.92093265
1.1117059
1.0623027
0.956146
1.4228387
1.0243753
1.2897725
1.002567
0.9653833
0.97685367
0.9372965
0.75757927
1.1578249
1.2314941
0.73590726
0.8693192
1.253353
0.6968283
0.8834055
0.8662064
1.0747017
1.0291318
0.90516794
1.248849
1.0259699
2.0748465
0.98612463
1.2941612
0.89551044
0.93231684
0.9479264
3.2518396
0.62541795
0.75972706
0.5637591
0.8045562
0.7994226
0.86481947
1.1414042
0.9904129
1.1583062
0.868855
0.8223941
1.0621006
0.9559436
0.69745505
1.0290146
1.5839154
0.7783527
0.91527444
0.8939949
0.7095483
0.8051585
1.165133
1.2445296
0.9128372
0.9721661
0.92645305
0.7899
1.2787458
1.0608233
0.8774817
1.0359298
0.8916516
1.1264845
1.078003
1.0135894
1.0871303
0.32145378
1.1638563
0.75112736
1.1477385
1.0113899
