0.75340456
0.65481657
0.8764684
0.5969755
0.67928094
0.4480903
0.9233275
0.55996907
0.5813644
0.9224478
0.0
0.88464546
0.69257694
0.97693163
0.8113749
0.86672956
0.8300652
1.0404055
5.725331
0.7747497
0.97654134
0.46788174
0.59010667
0.0
0.9959742
0.636225
0.0
0.80986357
0.75963163
0.0
0.8602351
0.5762062
0.7826025
0.88824683
0.9070012
0.82170534
0.7175871
0.7101851
0.7247387
0.84545565
0.74899745
5.5406036
0.80068374
0.6999713
0.7922252
0.58247477
0.5208446
0.8821584
0.80795926
1.0185974
0.71150744
0.3642511
0.5793607
0.8284639
0.8650404
1.1248255
0.7838528
0.8811094
0.6332341
0.7375407
0.96927583
0.81394005
0.8158715
1.054776
0.6132317
0.74486756
0.0
0.6858231
0.72811216
0.76519984
0.7187204
0.7264145
0.0
0.0
0.47483927
0.7349025
0.91601205
0.75851196
0.76050013
0.93356025
0.93231785
0.62769
5.7310014
2.1254377
0.66289556
1.0739114
0.8652708
0.9221194
0.90144277
0.7849195
1.0022677
0.9188525
0.8850133
0.6055348
0.57893443
0.6016765
0.8337329
0.8088788
0.63069224
0.6748168
0.6813379
0.92217064
0.725972
0.5206632
0.7140177
1.1638389
0.8524774
0.6292026
0.0
0.623563
0.7432492
0.9104666
0.79223704
0.9330202
0.985197
0.9214921
1.0447543
0.56860864
0.9216868
0.58850676
0.63289994
0.7040872
0.0
0.85533816
0.0
1.0413843
0.658548
0.6659965
0.90394497
1.090654
0.807924
0.97684634
0.7690947
0.0
0.5977151
0.990883
0.5605504
0.6978647
0.7209453
0.9614047
0.56115663
0.8821305
0.85751
0.73615795
0.86464506
0.7917431
0.60849434
0.68023163
0.6235652
0.69202596
0.558877
0.888636
0.95460993
0.80976063
0.89620274
0.0
0.49310517
1.1511257
0.7746485
1.0394
0.9810781
0.6427345
0.5363813
0.5239679
0.5800117
0.73441684
0.89391273
0.5129709
0.7997166
0.72853
0.9213403
0.7711252
0.9043032
0.51086456
0.6817179
0.0
0.5782546
0.7835172
0.8574953
0.85175073
0.68276817
0.70737743
0.82245845
0.6217051
0.8457559
0.63514364
0.7396553
0.67668414
0.86206144
0.76834434
0.7614067
0.6867238
0.7059767
0.77572775
0.9069128
0.5363388
0.58802706
0.0
0.8407437
0.9031898
0.6847307
0.51795197
0.75427926
0.7793062
0.7449586
0.7184593
0.67069584
0.92845666
0.7017084
0.8096541
0.8458763
0.7297775
0.51916236
0.71305317
0.73972565
0.7107917
0.9245731
0.5807724
0.81490356
0.87841
0.66664225
0.678962
0.6155143
0.79877234
0.5225239
0.9823395
0.4731515
0.8130143
0.8618875
0.0
0.72811747
0.9728846
1.1219751
0.8211401
0.70206064
0.8781436
0.0
0.7766496
0.73696077
0.80827725
0.0
0.7751973
0.3218902
0.9770231
0.74775034
0.7135769
0.0
0.8212428
0.57712907
0.70697653
0.3674008
0.8505087
0.82850933
0.7879422
0.5138658
0.68074507
0.796401
0.49875864
0.6208691
0.77882993
1.1472949
0.550803
0.6772931
0.7113608
0.73705375
0.0
0.8512248
0.63661426
0.64406985
0.79387766
0.7382542
0.81030285
0.62425375
0.9419479
0.8716011
0.6742011
0.58457375
0.96262425
0.5472719
0.59606564
0.6449715
0.7442872
0.91951406
0.58769435
0.9296703
0.78190714
0.79250294
0.6396061
0.5992168
0.9502194
1.0379673
0.64199466
0.8754914
0.9531325
0.6136983
0.919922
0.9047832
0.65436596
0.82140476
0.80653036
0.0
0.79701585
0.0
0.8739285
0.7420411
0.73260444
0.5761315
0.73790675
0.0
0.87306875
0.8676929
0.90466607
0.99969274
0.7285354
0.9107758
0.9190498
0.8408358
0.763702
0.7636998
0.9221807
0.9367866
0.7965612
0.5107516
0.0
0.8278256
0.8946867
0.863883
0.8307267
0.7831453
0.96813726
0.7782455
0.92034805
0.8403175
0.0
0.0
0.7192301
0.63985044
0.7493643
0.7072109
0.82182324
1.0384208
0.7364972
0.7198181
0.71461004
0.8542435
0.9497252
0.7857527
0.7869095
0.0
0.69734406
0.68346465
0.7568197
0.56651175
0.0
0.7032345
0.7968613
0.0
0.9080874
0.7081328
0.8448625
0.8901085
0.9607799
0.70301116
0.45687294
0.76458347
0.9441976
0.63891155
0.56902236
0.71828556
0.8279807
0.9152782
0.61896604
0.80152136
0.6176006
0.7121786
1.6670249
0.7778901
0.74609816
0.6256848
0.6958536
0.7631466
0.0
0.69382966
0.0
0.6208015
0.74365765
0.7926863
0.67348635
0.7210684
0.6320558
0.60630536
0.774886
0.8317941
0.0
0.5669827
0.71489877
0.63491434
2.7432737
0.804181
1.038237
0.7245924
0.7293128
0.4920722
0.0
0.8971018
0.5787017
0.92236704
0.87536526
0.82607013
0.5735668
0.9182831
0.71431535
0.0
0.7867897
0.55063194
0.6778159
0.7843489
0.8830152
0.63650036
0.0
0.7115271
0.0
0.66067743
1.139668
0.9479827
0.7196227
0.86995924
0.8135753
0.8262461
0.78906745
0.9762925
0.82354367
0.77803975
0.9410873
0.7812472
0.9281193
0.8106712
0.897466
0.82503927
0.0
0.7763547
0.8354557
0.68387026
0.83975166
0.6945147
0.6635987
0.5000585
0.7146584
0.5260946
0.7818289
0.74959356
0.7093254
0.8819181
0.5729398
0.5992433
0.7583449
0.5085668
0.8976859
0.0
0.61112565
0.6330119
0.72599244
1.1314201
0.6931646
0.92234784
0.8548119
0.0
1.0998182
0.8615622
0.6128369
0.71329457
0.78801817
0.9764062
0.8900136
0.0
0.0
0.7911374
0.92528915
0.0
0.6341677
0.90193474
0.7560427
0.8584817
0.6240264
0.77618474
0.6107979
0.7389467
0.7988681
0.66959274
0.6956959
0.8379448
0.76067775
0.7581178
0.0
0.66397905
0.0
0.97586906
0.58653766
0.7667167
0.0
0.6958961
0.0
0.685584
0.7230518
1.7976103
0.0
0.0
0.94191605
0.6326455
0.7682041
0.722268
1.060116
0.66613394
0.83501613
0.63486004
0.7538808
0.88501453
0.91030914
0.8224762
0.69520545
0.6127904
0.77891535
0.8048875
0.83470315
0.6082182
0.6561236
0.7670496
0.7886236
0.82564485
0.7923315
0.6605565
1.0205287
0.6614098
0.9908707
0.83416176
0.7037765
0.8268837
0.70597756
0.6543319
0.9154668
0.9207558
0.57841283
0.76132596
1.0007764
0.6348489
0.62953776
0.67998296
0.8507532
0.7741715
0.688103
1.0082357
0.8153193
1.5709448
0.7614379
0.9938447
0.7283263
0.7809763
0.7831148
2.4932735
0.53882176
0.57350606
0.506994
0.6531282
0.75673664
0.67072695
0.7610315
0.68077487
0.80049694
0.6188743
0.662814
0.77388734
0.7172083
0.51438934
0.79211724
1.2308964
0.58556116
0.75273407
0.61784256
0.5577214
0.6671185
0.83805543
0.8575183
0.66674024
0.692961
0.7685499
0.6589055
0.90350586
0.7403391
0.657052
0.76755
0.56996226
0.8964669
0.7137487
0.7447703
0.86260355
0.36696792
0.8662653
0.55393684
0.9072304
0.748376
