0.7652165
0.61067456
0.89702123
0.6527792
0.693363
0.4768654
0.9270684
0.5951844
0.5697718
1.0059807
0.0
0.8944206
0.628916
0.9518292
0.7388039
0.8385922
0.8377711
1.1228386
5.7553673
0.78440225
0.9687867
0.45553467
0.6076931
0.0
0.98828155
0.7245585
0.0
0.7980175
0.7044276
0.0
0.81284255
0.57895017
0.80728114
0.8500248
0.8642805
0.7953865
0.7056841
0.7524692
0.7405788
0.9334206
0.70577073
5.561987
0.855859
0.76985776
0.8266491
0.5544933
0.46438923
0.8888393
0.8207565
1.1221584
0.62333095
0.43551183
0.6123552
0.8723674
0.88628954
1.1141955
0.8521826
0.8502256
0.63149464
0.71614146
0.9946196
0.8719533
0.7309382
1.0208124
0.5967612
0.7285127
0.0
0.6947429
0.7205235
0.7194996
0.7555453
0.73533666
0.0
0.0
0.42911506
0.64730716
0.86351365
0.7851642
0.8034938
0.87255037
0.8850926
0.5910782
5.7451935
2.2060766
0.6598181
1.0849055
0.97615534
0.84380764
0.8379361
0.74549675
0.9888896
0.90176105
0.90517235
0.6394814
0.5706079
0.6374541
0.8756909
0.8394953
0.7301195
0.71780133
0.5996788
0.9031823
0.7662918
0.47574687
0.75322044
1.1193057
0.82015663
0.57191473
0.0
0.59622234
0.71352774
0.9008772
0.8475378
0.9181802
1.0104185
0.9252018
1.0168809
0.5457909
0.8866314
0.57197785
0.5897098
0.7634815
0.0
0.8291151
0.0
1.0322455
0.5929606
0.69180375
0.89356995
1.0873345
0.7921171
0.93975747
0.7334484
0.0
0.59354866
1.0161278
0.6189312
0.66663736
0.7997735
0.91741633
0.5432163
0.8171464
0.84516424
0.76587856
0.8391224
0.84421647
0.55337346
0.637433
0.5942117
0.7927971
0.6026681
0.8357735
1.002947
0.8119049
0.9268774
0.0
0.49039108
1.159705
0.78335226
1.024429
0.9888321
0.6671494
0.5013715
0.5236601
0.48407426
0.7478148
0.8678429
0.44658947
0.8551636
0.6950726
0.9280586
0.77133054
0.922762
0.5422971
0.70912725
0.0
0.51749784
0.7325637
0.84355044
0.82047015
0.64468294
0.67857915
0.7938491
0.6406144
0.83988494
0.64943326
0.7734211
0.5793773
0.9144346
0.7474331
0.7556264
0.65204066
0.74240935
0.7110656
0.93231785
0.5581889
0.6769529
0.0
0.82546437
0.9487539
0.7157436
0.44643816
0.7945325
0.7691422
0.66782755
0.69535893
0.6278753
0.905272
0.80224323
0.744008
0.82089967
0.6846147
0.53123116
0.7322017
0.71067446
0.7636817
0.9364445
0.5727602
0.8532755
0.8509651
0.7263716
0.6921703
0.62159866
0.83204246
0.5118709
0.9502474
0.47463495
0.83922184
0.8816433
0.0
0.8168292
0.9930324
1.0965192
0.85671014
0.68675613
0.944854
0.0
0.7215149
0.6928537
0.8342978
0.0
0.75510263
0.3455711
0.9498771
0.70650744
0.65707576
0.0
0.8342394
0.6071716
0.6811937
0.44043118
0.86921996
0.8191266
0.86935276
0.52755445
0.6718367
0.73531955
0.49589178
0.6122838
0.77033913
1.2000573
0.5970236
0.733266
0.7192158
0.7808754
0.0
0.8130808
0.6585892
0.6604651
0.8041748
0.7767956
0.7962012
0.58261603
0.98076063
0.8256734
0.7036137
0.61436296
0.9282426
0.5027794
0.5934526
0.7012643
0.81156754
0.94115025
0.57458794
0.95554334
0.85968286
0.754133
0.66736645
0.56474215
0.92916673
0.9829788
0.6803635
0.77564675
0.94320333
0.5874413
0.97417724
0.8507949
0.66183895
0.8482364
0.8810961
0.0
0.7866031
0.0
0.8739532
0.74732256
0.75377285
0.56578654
0.74039674
0.0
0.8347661
0.8247565
0.82830364
0.91312534
0.71520424
0.9335561
0.95188445
0.90184313
0.72275275
0.79811424
0.9055026
0.9157811
0.73219645
0.53326225
0.0
0.8256954
0.8334594
0.8341541
0.8803239
0.7492991
0.9616604
0.70077133
0.93987066
0.836032
0.0
0.0
0.7402491
0.6069655
0.75248575
0.7103481
0.8774013
1.0886401
0.70913863
0.769122
0.707268
0.87655026
0.90281165
0.77415425
0.79278135
0.0
0.7110932
0.7215511
0.7456373
0.6302853
0.0
0.7736802
0.8269466
0.0
0.9095386
0.7081486
0.861912
0.8813042
0.91688365
0.6639643
0.48433718
0.7608201
0.95038956
0.6771346
0.5338754
0.78690416
0.7833793
0.88558465
0.67932695
0.7943619
0.5630184
0.7326637
1.6520828
0.76050675
0.77924836
0.7168699
0.7135359
0.6899226
0.0
0.6548098
0.0
0.65341055
0.74671227
0.83007604
0.69591165
0.66012794
0.62906426
0.6002381
0.8046915
0.86493504
0.0
0.5815844
0.67125607
0.6538094
2.7923725
0.786935
1.018918
0.6753287
0.66002774
0.4344787
0.0
0.92206824
0.5189545
0.8254596
0.8414081
0.8356374
0.570209
0.95684797
0.7043749
0.0
0.81518275
0.52642596
0.67851955
0.78772193
0.90599364
0.6524898
0.0
0.63791823
0.0
0.63865155
1.0949624
0.9682397
0.74189144
0.85094845
0.75289106
0.78567654
0.82911056
0.9222109
0.7780115
0.7652067
0.8988079
0.8463092
0.92765623
0.7983303
0.88124484
0.82206196
0.0
0.7791778
0.84530866
0.6302866
0.84295404
0.65660936
0.67503166
0.4730399
0.69340813
0.48045138
0.81768614
0.7546025
0.7301088
0.83157337
0.5845039
0.58466274
0.7229105
0.483988
0.8834913
0.0
0.6793736
0.5999874
0.7438786
1.1187365
0.667748
0.8781551
0.84608895
0.0
1.0780424
0.8480618
0.62172824
0.69533634
0.8513814
0.9653986
0.86340165
0.0
0.0
0.7902776
0.9406781
0.0
0.6534672
0.99768627
0.75762016
0.92138493
0.59380126
0.81846106
0.6198667
0.72010297
0.8525328
0.6147112
0.7153104
0.9043195
0.7877061
0.7204086
0.0
0.70035124
0.0
0.9995033
0.61631405
0.73399895
0.0
0.6579368
0.0
0.58399945
0.73613197
1.8408592
0.0
0.0
0.9968301
0.66632867
0.65073246
0.71550125
1.1615565
0.6533935
0.85389
0.66371864
0.7925138
0.8087209
0.8463593
0.73215467
0.7923492
0.6552597
0.78268623
0.80749357
0.82360446
0.5645451
0.615838
0.7657602
0.79066557
0.83182424
0.7898255
0.6364296
1.0231127
0.6892631
1.0963153
0.86824566
0.71765876
0.8228943
0.7067877
0.7219277
0.93273646
1.0005481
0.64156955
0.8388856
0.9778769
0.61061144
0.7528348
0.6911443
0.78866905
0.785042
0.6782046
1.0422869
0.8825386
1.6320467
0.7735396
0.99854046
0.69321203
0.8571057
0.8051047
2.4755478
0.50391024
0.627536
0.4821005
0.64780974
0.7311645
0.68023324
0.70100236
0.68054193
0.8138498
0.65453976
0.6886191
0.713928
0.73081774
0.54790074
0.83466285
1.270671
0.6290804
0.75845754
0.5803212
0.64962566
0.67144907
0.830064
0.82392615
0.68495876
0.69890743
0.6811183
0.64624316
0.9163134
0.77034414
0.65803516
0.73453027
0.586399
0.84558696
0.7042285
0.7546216
0.8145646
0.4163946
0.8596758
0.55763143
0.90558404
0.73966813
