0.79349166
0.59469765
0.91679585
0.6826976
0.71740997
0.5023236
0.9383862
0.6293417
0.57284725
1.0556974
0.0
0.9104029
0.6203286
0.9570061
0.7358095
0.84489554
0.86018014
1.1729622
5.8291316
0.78788143
0.9696837
0.4606868
0.61684656
0.0
0.99102896
0.7733429
0.0
0.80090296
0.6937081
0.0
0.79584676
0.59452534
0.8164869
0.83834064
0.86945844
0.80788803
0.71544504
0.78002256
0.7555307
0.9840839
0.698677
5.630857
0.8744798
0.7965664
0.85087395
0.54711384
0.45052123
0.90283877
0.8427378
1.2049781
0.6001707
0.47327006
0.6377248
0.9091792
0.9008409
1.1418326
0.9179722
0.85197157
0.62644994
0.72957295
1.0091528
0.91633046
0.6978927
1.023906
0.5942099
0.72461456
0.0
0.71432364
0.727923
0.7209799
0.781731
0.7584645
0.0
0.0
0.42094237
0.63111126
0.85179394
0.8083074
0.81884813
0.8744217
0.8659911
0.58664745
5.82788
2.2951405
0.67675185
1.1144419
1.026675
0.82278377
0.8124484
0.7443183
0.98745763
0.92156786
0.92573386
0.6692645
0.5842653
0.6553438
0.8835353
0.8610292
0.7791681
0.7467587
0.5787879
0.9017626
0.80162007
0.4673806
0.78056043
1.1235087
0.8295476
0.56374687
0.0
0.60374033
0.71813095
0.910871
0.879733
0.923488
1.0178741
0.9475604
1.0245554
0.5410983
0.8821827
0.58001816
0.5913806
0.7906087
0.0
0.83308595
0.0
1.0423532
0.5709851
0.70482785
0.9138503
1.1222458
0.7914919
0.9309777
0.7327018
0.0
0.60074705
1.0507498
0.6646393
0.6610924
0.8476125
0.9176958
0.55842113
0.80476856
0.8517706
0.79016334
0.8441707
0.88447326
0.5309971
0.6373804
0.5910069
0.84639055
0.6150893
0.8402903
1.0359166
0.82752013
0.9539153
0.0
0.5054562
1.1973662
0.80755234
1.034032
0.9882838
0.68727005
0.5022467
0.53612673
0.46951264
0.7604308
0.88792014
0.42815572
0.9025839
0.7061311
0.92198676
0.7985512
0.963693
0.57630664
0.7353105
0.0
0.51656044
0.70337915
0.86131537
0.82826954
0.6406057
0.6788928
0.8006328
0.6607238
0.8550473
0.66966814
0.8201083
0.5534857
0.9367464
0.76057893
0.7397331
0.6542373
0.7780627
0.68583226
0.9439325
0.5837017
0.72766626
0.0
0.841347
0.9893167
0.73635775
0.4320645
0.8345105
0.7739454
0.65657663
0.7034177
0.61768454
0.919999
0.8539333
0.7221612
0.8248243
0.6856188
0.54574054
0.7483948
0.7147389
0.7992338
0.95193416
0.5833468
0.8796466
0.85120285
0.75941753
0.7185638
0.63441366
0.8567982
0.50567347
0.94678193
0.486028
0.8755169
0.92251426
0.0
0.88465595
1.0363305
1.1009418
0.88977575
0.6925793
0.9731476
0.0
0.7188656
0.68781424
0.85658634
0.0
0.7595176
0.3712488
0.95447105
0.70494676
0.64298487
0.0
0.8455161
0.62679714
0.6794899
0.48026612
0.8764232
0.8436944
0.9219798
0.53842473
0.6772445
0.71888316
0.5049392
0.61936635
0.78467447
1.2413316
0.62507457
0.7750278
0.73242337
0.80921185
0.0
0.79630005
0.6852957
0.6721459
0.820295
0.8082932
0.80295044
0.5824785
0.9986027
0.8314034
0.73586667
0.6326379
0.91102356
0.4977573
0.60256773
0.73990524
0.85654545
0.96545607
0.57796913
0.9721739
0.91666865
0.76005447
0.6928634
0.5631283
0.9247594
0.9606432
0.71752906
0.75262403
0.9553425
0.5954776
1.0042307
0.8397932
0.67482805
0.8684468
0.92355895
0.0
0.8031324
0.0
0.9110544
0.7654009
0.76640105
0.5772214
0.75473493
0.0
0.8295604
0.8185358
0.80513316
0.9044173
0.7248805
0.9550937
0.9916509
0.9346642
0.70066684
0.8205581
0.9210327
0.92121744
0.71371627
0.5521685
0.0
0.8418295
0.8110905
0.8329015
0.9124304
0.7584684
0.96259046
0.6817634
0.95863175
0.8384525
0.0
0.0
0.7748841
0.6019454
0.7636667
0.72965324
0.8951188
1.1391155
0.71534353
0.79603815
0.71660846
0.8801173
0.8851103
0.7635594
0.80386513
0.0
0.72384983
0.76506335
0.7497436
0.670092
0.0
0.809525
0.86248446
0.0
0.9151685
0.7344087
0.8953151
0.89029485
0.8933644
0.66458076
0.5045069
0.76343113
0.9744838
0.71302146
0.53312963
0.8340767
0.78339195
0.89653766
0.72133607
0.80176467
0.5544471
0.7446003
1.6980307
0.7668148
0.80386704
0.77567476
0.7295696
0.67291385
0.0
0.62707335
0.0
0.67541116
0.7546537
0.829003
0.72733605
0.64994323
0.63887537
0.61041576
0.8326302
0.89602906
0.0
0.5913122
0.6665711
0.6665331
2.8606482
0.7792898
1.0175487
0.67236865
0.637776
0.43115324
0.0
0.9464071
0.51166314
0.7949458
0.83294064
0.8480616
0.58556604
0.99196815
0.71979845
0.0
0.84591115
0.521467
0.67554766
0.78194755
0.91672456
0.67641854
0.0
0.6229683
0.0
0.6396116
1.097413
1.0007086
0.76773304
0.84773254
0.75541335
0.7766587
0.84518164
0.92149156
0.7797501
0.7621101
0.90604323
0.88850874
0.9563449
0.8068131
0.8813545
0.8486475
0.0
0.78895694
0.8374135
0.6376317
0.8562244
0.66400284
0.6908343
0.47336397
0.7037182
0.48170534
0.8396523
0.7706206
0.7647433
0.8237936
0.59738934
0.59316874
0.7211094
0.48349726
0.9213914
0.0
0.7116526
0.59527594
0.77066445
1.142454
0.6700258
0.8666561
0.8578787
0.0
1.0822215
0.85933256
0.6465934
0.7003196
0.8948796
0.9536725
0.86536986
0.0
0.0
0.7984261
0.9658255
0.0
0.6817107
1.0594978
0.7686514
0.9736829
0.5952687
0.85148597
0.6283834
0.7330054
0.8938785
0.60908216
0.73604745
0.9706737
0.80110824
0.7296867
0.0
0.71842265
0.0
1.0164424
0.62914497
0.7438314
0.0
0.64877325
0.0
0.5508081
0.7705602
1.906313
0.0
0.0
1.0442848
0.69268847
0.62666935
0.7142463
1.2240542
0.6592045
0.8855434
0.6898513
0.8134381
0.7939461
0.8263413
0.70826405
0.83704895
0.68156844
0.79657596
0.8260591
0.8195823
0.57447463
0.6325449
0.776517
0.7983192
0.83662033
0.7993808
0.612328
1.0509846
0.7095578
1.1671246
0.89782894
0.72713596
0.8524185
0.7242898
0.7646713
0.9519241
1.0628603
0.6929425
0.892689
1.0008057
0.6091964
0.8119686
0.71175593
0.77005965
0.7963271
0.6948153
1.0748967
0.926246
1.6997659
0.7980697
1.0117098
0.69546425
0.9038123
0.8418746
2.5276582
0.50003475
0.6659787
0.4837762
0.65994996
0.7395843
0.7085105
0.6718779
0.682448
0.84143525
0.6879178
0.7066627
0.69172055
0.7485327
0.58232296
0.868207
1.3138194
0.65701574
0.75177675
0.5857544
0.6913551
0.6777358
0.83708584
0.7989677
0.7047031
0.7126532
0.6620253
0.6542283
0.93991095
0.8059234
0.6634412
0.72783506
0.5986343
0.8501772
0.72159594
0.7720587
0.8111162
0.466272
0.870061
0.56926376
0.9225626
0.74895525
