0.7018659
0.5805984
0.7230958
0.61572635
0.6285431
0.4259495
0.7705927
0.49360517
0.52576786
0.79709214
0.0
0.7677205
0.50596964
0.8541573
0.7410318
0.68916774
0.66097176
0.97512984
4.864483
0.65077406
0.77282
0.3734579
0.5193876
0.0
0.81622344
0.57384765
0.0
0.6752911
0.6118139
0.0
0.70062315
0.5092205
0.61892056
0.74613196
0.7469382
0.6335255
0.64377767
0.6540593
0.68969285
0.8122344
0.55445045
4.6358576
0.7314529
0.61657214
0.6498672
0.48424092
0.40527943
0.7236659
0.702998
1.0140048
0.50579816
0.37770566
0.49906948
0.6954272
0.7265698
0.96464294
0.78669226
0.6950812
0.56117487
0.63463676
0.8063608
0.70427686
0.6112549
0.80835944
0.5359724
0.629753
0.0
0.6012434
0.5274654
0.59753
0.62398535
0.64555633
0.0
0.0
0.42502588
0.61734194
0.7232726
0.64329976
0.67052
0.71977174
0.6907848
0.5303829
4.807729
1.9120476
0.5755188
0.9319022
0.7664165
0.7690338
0.7382048
0.6484513
0.79077905
0.8425646
0.73204786
0.5428651
0.5076078
0.4488089
0.6832457
0.6835819
0.6278774
0.632657
0.53901476
0.68857795
0.6211771
0.39209777
0.67641497
1.0115427
0.6872938
0.5417133
0.0
0.51517963
0.6496558
0.79575485
0.71468866
0.7623181
0.82315826
0.764763
0.8540295
0.51146215
0.65308285
0.5201521
0.5232433
0.5731606
0.0
0.6616897
0.0
0.7944234
0.54752326
0.5671178
0.70181173
1.0172775
0.5994238
0.76179254
0.6020774
0.0
0.5586985
0.8782216
0.53802204
0.5402231
0.69457036
0.72725564
0.47736424
0.6870202
0.69456756
0.61439365
0.7110225
0.6742422
0.4809829
0.5327541
0.52086425
0.6146137
0.5033508
0.7332047
0.84769976
0.6583491
0.7621133
0.0
0.4009311
1.00943
0.63350946
0.83922935
0.727993
0.5793428
0.51380366
0.4613473
0.47448382
0.6701156
0.7536833
0.40220487
0.724997
0.6154019
0.72964364
0.6786484
0.7812169
0.47437745
0.657383
0.0
0.5209046
0.57602566
0.66333216
0.7625438
0.55401444
0.55321187
0.6605392
0.5165652
0.7433837
0.492581
0.6523527
0.50394344
0.74607617
0.6961219
0.5573832
0.57412267
0.6093932
0.58457077
0.7952396
0.52586293
0.54821664
0.0
0.68643314
0.7878847
0.6125188
0.41526446
0.66525245
0.6671166
0.6374864
0.6067957
0.56811845
0.73487306
0.6559202
0.56315774
0.6705084
0.598896
0.47854888
0.64368767
0.6261856
0.57602876
0.78057986
0.4979323
0.68667126
0.68425936
0.6063231
0.6488943
0.5300905
0.6683288
0.4248555
0.7975165
0.39944872
0.7834012
0.7945728
0.0
0.67356604
0.820876
0.8356001
0.78908986
0.5894592
0.7683505
0.0
0.6348181
0.57834584
0.71475
0.0
0.64831936
0.3024751
0.7697032
0.6489821
0.5514021
0.0
0.70726293
0.5287798
0.57274914
0.350873
0.7038583
0.69703174
0.67937285
0.47120664
0.53374857
0.6782337
0.44407764
0.49325764
0.6774383
1.0065849
0.5212754
0.62168676
0.5940273
0.64897114
0.0
0.656802
0.59504354
0.5529792
0.718246
0.6037063
0.64862204
0.48995775
0.7659067
0.6692382
0.62845814
0.5039308
0.7655852
0.5263974
0.553498
0.66786957
0.61064625
0.74748933
0.4800576
0.741831
0.7361515
0.6393915
0.54462594
0.5108702
0.779914
0.85164547
0.5525774
0.69255614
0.7681874
0.5614899
0.8200329
0.79353666
0.5597307
0.70034367
0.71360713
0.0
0.683722
0.0
0.7923565
0.58901674
0.6059676
0.4765198
0.6362438
0.0
0.71177286
0.6753543
0.6975169
0.81803685
0.5835811
0.72323346
0.7945066
0.7545574
0.56289893
0.6599642
0.7400746
0.7598753
0.6279767
0.4610052
0.0
0.6622536
0.6421361
0.6639086
0.8225163
0.61564195
0.7431485
0.6239927
0.79601014
0.70431703
0.0
0.0
0.6650973
0.5229175
0.6479343
0.6587141
0.72591484
0.95834035
0.6447421
0.66390276
0.6130239
0.6498735
0.7229141
0.6913197
0.63684356
0.0
0.6114085
0.6771
0.5919613
0.5011674
0.0
0.6470463
0.76861703
0.0
0.7848194
0.613578
0.78531945
0.76442564
0.7482378
0.58861053
0.4543181
0.535626
0.770242
0.60023093
0.47706082
0.6479121
0.78577334
0.7717049
0.5659667
0.68027395
0.46784887
0.61221
1.4519056
0.6850511
0.6837556
0.5933576
0.5879155
0.6194656
0.0
0.49350765
0.0
0.52924347
0.6176282
0.6493813
0.6128902
0.6082039
0.53181857
0.5463383
0.69761086
0.686235
0.0
0.5052759
0.60188854
0.5041351
2.4073806
0.6271929
0.85717124
0.60265917
0.5679024
0.38823166
0.0
0.75936306
0.45399067
0.7148673
0.64042413
0.7337151
0.49570602
0.7486562
0.5895763
0.0
0.6732798
0.41925263
0.5259104
0.5866348
0.73258793
0.53268415
0.0
0.54700077
0.0
0.5593655
0.93385834
0.83268034
0.619721
0.7266648
0.707395
0.6684149
0.6484205
0.7647381
0.6337558
0.6181547
0.7268474
0.718998
0.8600013
0.72494924
0.73552066
0.76346725
0.0
0.64084
0.6531416
0.57601476
0.7111142
0.5593623
0.5585344
0.4326902
0.62410897
0.43387994
0.6126482
0.5967384
0.674108
0.6596559
0.4947395
0.47508854
0.5289635
0.42475712
0.77461314
0.0
0.5755654
0.5554429
0.6402635
0.99824464
0.5762152
0.6809125
0.7015274
0.0
0.911969
0.62634796
0.605487
0.6354158
0.6882302
0.7958141
0.6792913
0.0
0.0
0.67080575
0.78791004
0.0
0.5470277
0.89706916
0.6440655
0.7716449
0.5149475
0.67371017
0.5042271
0.5924036
0.74825805
0.52084005
0.583725
0.79213274
0.62169087
0.5912596
0.0
0.63302517
0.0
0.8542322
0.5583412
0.61710846
0.0
0.5383176
0.0
0.50085825
0.71972835
1.617999
0.0
0.0
0.8038847
0.5659655
0.58879733
0.6149911
0.93876207
0.6079202
0.78619933
0.563897
0.6608144
0.7501114
0.64852655
0.58625495
0.65852004
0.5543567
0.71685696
0.68393517
0.66244483
0.48021194
0.587683
0.6934626
0.71526355
0.69863015
0.71656734
0.5619909
0.98080146
0.5622792
0.98428947
0.7087904
0.5828546
0.7804205
0.5992558
0.61188346
0.7497533
0.8810125
0.53141254
0.777751
0.90274334
0.5161386
0.6723321
0.61143005
0.6977036
0.66041446
0.58205396
0.9415386
0.7240546
1.4546462
0.6998458
0.79041016
0.60995895
0.6821065
0.7190711
2.1726778
0.41134074
0.5110981
0.432214
0.60257787
0.62529165
0.5490856
0.5347001
0.5660272
0.6868041
0.5044606
0.53279805
0.61277544
0.6076765
0.49317685
0.7145318
1.1028339
0.54123646
0.6512207
0.5409397
0.5315516
0.5634801
0.69958615
0.6223234
0.5881669
0.60319006
0.5653038
0.5520867
0.75570714
0.7456635
0.56943244
0.6409534
0.495065
0.70057505
0.5873814
0.62391746
0.6904212
0.38197246
0.6816981
0.4763743
0.69324005
0.6010177
