0.79380274
0.6107801
0.813178
0.6878199
0.6998705
0.48466235
0.8505788
0.5755994
0.5706404
0.91245365
0.0
0.85763335
0.5541516
0.9234759
0.7990457
0.75626034
0.75316525
1.1093732
5.371835
0.70636517
0.8501893
0.41969723
0.5739052
0.0
0.8945663
0.6739088
0.0
0.74192536
0.6588768
0.0
0.73720795
0.57216865
0.6817304
0.7964729
0.82397
0.72008884
0.696375
0.73282284
0.7470166
0.93597674
0.6032345
5.126731
0.8123411
0.69100606
0.7280814
0.5156579
0.43886828
0.81789005
0.7891899
1.1851805
0.55370295
0.44964555
0.56692433
0.805847
0.80091923
1.0805616
0.9152913
0.76855683
0.60006595
0.7109993
0.8894308
0.81624573
0.6296213
0.90035784
0.57898057
0.6812003
0.0
0.67599845
0.6095189
0.66703826
0.7128226
0.730543
0.0
0.0
0.45779932
0.6594177
0.7791668
0.73318464
0.738923
0.7998638
0.7386945
0.5712932
5.3244014
2.1744583
0.6557245
1.047553
0.8786212
0.8156319
0.7718775
0.69502676
0.8566604
0.93152434
0.8204219
0.62111735
0.5729699
0.5179382
0.7446222
0.7644709
0.72288495
0.70682937
0.577014
0.7585187
0.7239068
0.42899993
0.7445396
1.1117864
0.7597664
0.5788988
0.0
0.56699604
0.7124716
0.885531
0.7999298
0.83803654
0.9008849
0.8612899
0.94720584
0.5461776
0.723378
0.5715138
0.5782113
0.6507916
0.0
0.73583436
0.0
0.8909787
0.58118194
0.638738
0.8036023
1.1413391
0.66261566
0.81869
0.66276485
0.0
0.6027798
0.9927019
0.6299274
0.57743615
0.7962277
0.7960376
0.5331847
0.738871
0.7642547
0.7074552
0.7849527
0.785444
0.4991559
0.6015971
0.5650209
0.7307385
0.5455339
0.82405883
0.947571
0.7343518
0.85406405
0.0
0.45570314
1.1405267
0.72480416
0.93147814
0.81032896
0.64483845
0.5486301
0.517238
0.5096418
0.7316161
0.8535566
0.42307484
0.85610825
0.67692274
0.7836375
0.7784119
0.911658
0.5458602
0.7293468
0.0
0.5728927
0.5974122
0.7557128
0.82818294
0.5977587
0.6118987
0.73335576
0.587158
0.8169015
0.5638342
0.7645954
0.53395516
0.83600295
0.7764514
0.59442323
0.6297341
0.71283036
0.6149695
0.86030805
0.58759916
0.652529
0.0
0.7745095
0.9087671
0.6868494
0.4434247
0.7732713
0.7348619
0.69386756
0.6677108
0.6085667
0.8285856
0.75833005
0.59753954
0.74223423
0.661863
0.53261256
0.71088433
0.6788871
0.6868229
0.86562264
0.56223804
0.7817288
0.74827564
0.7006756
0.72887385
0.58980966
0.758039
0.47021097
0.8773986
0.44809058
0.88214463
0.9058098
0.0
0.81796455
0.9589384
0.9378047
0.8881083
0.6569997
0.8616597
0.0
0.6941836
0.63085246
0.7840313
0.0
0.7159104
0.35419917
0.8469343
0.70436513
0.5923235
0.0
0.76810247
0.59899175
0.6303872
0.42726922
0.7744065
0.796819
0.80864537
0.52154374
0.595003
0.7087219
0.4945853
0.54857546
0.7465462
1.1450045
0.59365535
0.72011584
0.6698149
0.7340998
0.0
0.6955337
0.6754673
0.61593014
0.7896692
0.7043601
0.724812
0.54196864
0.8519244
0.75121075
0.7171425
0.57270956
0.8151574
0.5504707
0.5990061
0.75037795
0.7189111
0.8424202
0.53084743
0.8258879
0.8597592
0.71498036
0.6203047
0.565386
0.84103346
0.9037079
0.64498377
0.7313907
0.8496951
0.615765
0.9236591
0.8437792
0.62255967
0.77508277
0.81391793
0.0
0.7716282
0.0
0.91160357
0.66919357
0.6768358
0.53998715
0.7107578
0.0
0.777647
0.7293557
0.73611766
0.88912207
0.65257937
0.8089717
0.9199575
0.8525996
0.59307766
0.74281955
0.8409244
0.8336498
0.675483
0.52083296
0.0
0.73797685
0.68160737
0.7367464
0.91418934
0.68531317
0.8158428
0.6632276
0.8886092
0.7757066
0.0
0.0
0.76096195
0.5694714
0.7162159
0.7377972
0.809743
1.1023647
0.6964452
0.7341057
0.6745892
0.7227397
0.7748861
0.7184628
0.7055516
0.0
0.6792907
0.7834124
0.64928794
0.59272254
0.0
0.73449916
0.8638165
0.0
0.85759544
0.70877314
0.8961484
0.83451766
0.79280996
0.64472854
0.5033377
0.6001344
0.87202185
0.6900885
0.5228335
0.7595581
0.8440232
0.852326
0.6620044
0.7435859
0.5139506
0.68905115
1.6276208
0.7464585
0.76606977
0.7056355
0.66672486
0.65619606
0.0
0.5145382
0.0
0.5976792
0.6835091
0.6900214
0.70168316
0.64755386
0.59131056
0.60346615
0.7910212
0.78122246
0.0
0.5615639
0.653357
0.572266
2.684986
0.67965645
0.9253783
0.65747297
0.59278935
0.42930156
0.0
0.85525024
0.49711907
0.7533943
0.6976079
0.8101445
0.5589517
0.85847664
0.6648372
0.0
0.7721337
0.46634838
0.5701092
0.6368517
0.7971859
0.6160235
0.0
0.5884881
0.0
0.6178453
1.0324298
0.93102306
0.7068747
0.7745483
0.7677657
0.7192001
0.7233662
0.84030765
0.7064532
0.67088157
0.80429155
0.8243783
0.9598434
0.7917834
0.80128074
0.8554596
0.0
0.71581143
0.6971115
0.64250463
0.7882747
0.6250529
0.62844795
0.4700982
0.69012743
0.47514117
0.69042355
0.67543054
0.76795286
0.72333527
0.55151594
0.53709525
0.60135794
0.4628412
0.8977223
0.0
0.6528848
0.5926138
0.73253924
1.1148525
0.6363037
0.7377528
0.7720588
0.0
0.9910987
0.71157897
0.67115873
0.6912452
0.7862625
0.8505586
0.7627288
0.0
0.0
0.7378457
0.89326996
0.0
0.62690324
1.0399845
0.70739144
0.89430696
0.56719375
0.76782775
0.55306566
0.6617146
0.8487252
0.56533074
0.66194516
0.94081223
0.6940735
0.6656101
0.0
0.6905835
0.0
0.9478738
0.61389464
0.6897776
0.0
0.57816243
0.0
0.51222646
0.81607777
1.8262206
0.0
0.0
0.9404474
0.6395425
0.6366206
0.6644262
1.100841
0.6634303
0.8907979
0.64014494
0.7291459
0.7889488
0.69714963
0.6331229
0.7513835
0.6295925
0.7928082
0.77435946
0.7098912
0.5428914
0.6594422
0.75957143
0.7804735
0.76239413
0.77664965
0.56965506
1.0824118
0.6324657
1.1374294
0.81329286
0.634606
0.86498326
0.67396885
0.714719
0.8439977
1.0206616
0.6326903
0.898224
1.0095092
0.5743244
0.7810324
0.6826985
0.73624015
0.72900856
0.6531186
1.0523171
0.8317194
1.6419958
0.7925256
0.879105
0.66642445
0.78611326
0.8240871
2.41442
0.45146158
0.60659236
0.4728012
0.66162837
0.6977368
0.63421077
0.55173206
0.6182485
0.77357614
0.5971913
0.6104977
0.6381089
0.68315923
0.57216895
0.81757605
1.2440493
0.6197554
0.6950633
0.58688277
0.61865187
0.621277
0.7661946
0.65689445
0.66077197
0.67123556
0.61479205
0.60976624
0.8549476
0.8356481
0.62499213
0.68776363
0.5508258
0.78111494
0.6645614
0.6889403
0.7477883
0.47488225
0.76306117
0.5392285
0.7854615
0.66396683
