0.7505989
0.60156906
0.6577175
0.64758176
0.6475951
0.44252697
0.7101056
0.46961424
0.5594866
0.7100575
0.0
0.75370866
0.4694663
0.8528439
0.8398406
0.6364044
0.6050939
0.97474146
4.660501
0.6064531
0.6869775
0.36830604
0.49972218
0.0
0.7574971
0.522156
0.0
0.64167786
0.599548
0.0
0.66500944
0.529746
0.5080548
0.7181405
0.7478919
0.6040076
0.6449074
0.6500824
0.6882739
0.8208707
0.48615852
4.3838005
0.71274877
0.55915
0.56055516
0.46351334
0.4204192
0.66549885
0.69270283
1.0670621
0.49006853
0.38178566
0.47791937
0.6374687
0.65352094
0.96904725
0.8427547
0.64114285
0.56468207
0.65684015
0.7189783
0.6472074
0.5711542
0.75888014
0.5432418
0.6135295
0.0
0.59468335
0.4602605
0.5862618
0.5853623
0.65718734
0.0
0.0
0.48749402
0.6654858
0.68897134
0.6172172
0.60994667
0.6826964
0.589387
0.54128224
4.552667
1.9144615
0.5996502
0.9218942
0.6725622
0.80479044
0.71639264
0.6235434
0.69571203
0.90064037
0.6677963
0.5270859
0.54429424
0.33754653
0.5738152
0.6290247
0.62504965
0.6290463
0.54887843
0.5760864
0.59035444
0.3872675
0.65990674
1.0517999
0.6501753
0.5869218
0.0
0.5187863
0.6806476
0.82867146
0.6705652
0.71801525
0.7555609
0.71868074
0.8347459
0.53531516
0.5639542
0.5280223
0.5440959
0.4898391
0.0
0.5916974
0.0
0.6960547
0.57594705
0.53961
0.64483887
1.0938311
0.49535662
0.6963948
0.5581083
0.0
0.5909635
0.87926364
0.5346353
0.4878167
0.6879362
0.65137607
0.4951921
0.65917397
0.64147407
0.57751375
0.6857208
0.62100357
0.47190812
0.5273864
0.5258695
0.5511235
0.45134678
0.7603508
0.7978631
0.6187977
0.7054296
0.0
0.38427982
1.0248963
0.59757954
0.7935037
0.590142
0.56514305
0.5676455
0.4730514
0.5336469
0.6678982
0.7783603
0.43002513
0.73638415
0.61896044
0.61224556
0.7113466
0.79556936
0.4811462
0.695601
0.0
0.60141855
0.484711
0.6026603
0.8059291
0.5448429
0.53005517
0.62582767
0.47399205
0.7430182
0.43631762
0.660535
0.51418924
0.682442
0.74850166
0.44788212
0.58667856
0.5947662
0.52747416
0.7426314
0.5700762
0.52563155
0.0
0.6597114
0.78064525
0.59541374
0.43159953
0.6513124
0.65022564
0.70140934
0.5957756
0.5891422
0.68473715
0.604091
0.4701854
0.61406577
0.60274965
0.49345988
0.6387237
0.6127317
0.52083266
0.7383447
0.5150062
0.64658535
0.6079383
0.5993058
0.68858844
0.5169319
0.609348
0.41564867
0.78041154
0.40237215
0.8405319
0.82959026
0.0
0.68076676
0.80922705
0.7267398
0.8375515
0.5829158
0.7086558
0.0
0.6448745
0.5585578
0.6820689
0.0
0.64702195
0.32145187
0.6958573
0.68813086
0.5322497
0.0
0.661242
0.5295983
0.54942685
0.3344276
0.6322608
0.691715
0.625079
0.48208764
0.49852383
0.675292
0.47163662
0.44965163
0.6866198
0.9776187
0.5187712
0.60786074
0.55950046
0.6074622
0.0
0.5765667
0.62824345
0.5261082
0.71561766
0.55259496
0.6100063
0.48158
0.6553938
0.6317268
0.6576953
0.47119007
0.69969296
0.59769994
0.5759567
0.72192216
0.5392531
0.6721729
0.47225457
0.6415008
0.72489876
0.63046086
0.51761025
0.5388874
0.72082204
0.8326789
0.51654947
0.69695276
0.71154594
0.6068138
0.8047895
0.82143563
0.5449683
0.64801615
0.65484905
0.0
0.6983034
0.0
0.8537372
0.5428048
0.5539401
0.474402
0.63973194
0.0
0.69289905
0.6129752
0.64826506
0.8509403
0.5556235
0.62097967
0.7877869
0.6997035
0.4784338
0.6211876
0.72447586
0.70122325
0.6250478
0.4645008
0.0
0.60195464
0.5379674
0.6062045
0.86620206
0.56889504
0.62112135
0.6191028
0.77064866
0.6691484
0.0
0.0
0.69144934
0.5292767
0.63845026
0.6939491
0.6692584
0.99731374
0.65277356
0.61694664
0.589696
0.53274035
0.64612013
0.66187656
0.56893873
0.0
0.60151803
0.72743493
0.5188818
0.47139552
0.0
0.6103923
0.8115024
0.0
0.7591839
0.63078
0.84064186
0.75025827
0.6591717
0.589501
0.49723122
0.4201808
0.73248893
0.63145214
0.48389757
0.6278481
0.86620015
0.7716708
0.55725867
0.66794515
0.4626331
0.5884412
1.4551666
0.70257354
0.6835219
0.5799431
0.5588875
0.6272744
0.0
0.38923284
0.0
0.506955
0.5794169
0.527155
0.6181512
0.6376745
0.5301106
0.56080353
0.696263
0.6220495
0.0
0.5000965
0.61221284
0.44828352
2.3606293
0.5520158
0.79719603
0.6291545
0.52652854
0.40941715
0.0
0.71510696
0.46065488
0.6935182
0.5357814
0.7299947
0.49993432
0.6611311
0.5699902
0.0
0.6371965
0.39407462
0.4472956
0.46546873
0.669842
0.5178431
0.0
0.5428107
0.0
0.56023186
0.93496394
0.80526733
0.6013582
0.6799454
0.7650163
0.63320726
0.5709653
0.72009146
0.61536247
0.55412644
0.6665422
0.703989
0.9106976
0.7307231
0.6848954
0.80910766
0.0
0.61887884
0.5377964
0.6232628
0.6832714
0.55326873
0.5223633
0.44148117
0.6395678
0.4676001
0.5104141
0.5518746
0.71414196
0.6054916
0.49290833
0.4477273
0.4570188
0.42551702
0.81237113
0.0
0.5512049
0.57598305
0.64686644
1.0252402
0.57290334
0.5688444
0.6574895
0.0
0.8534666
0.51453906
0.6525993
0.63240886
0.61969644
0.7393894
0.613282
0.0
0.0
0.63485664
0.7695256
0.0
0.5319335
0.93999606
0.61946696
0.75427467
0.5198744
0.64031357
0.46425796
0.5579296
0.75389516
0.49843517
0.5342526
0.8325706
0.54587364
0.5689789
0.0
0.62917966
0.0
0.8103083
0.5666156
0.5891598
0.0
0.50182676
0.0
0.48358545
0.80764836
1.6299149
0.0
0.0
0.7713968
0.5502264
0.62319446
0.61024463
0.89382553
0.62458825
0.84625894
0.54799485
0.6058909
0.7593645
0.5442004
0.555492
0.62560874
0.54988444
0.7409154
0.6698046
0.57778335
0.49177298
0.63673395
0.70804876
0.723338
0.6764754
0.71358454
0.51448256
1.0793045
0.5301745
1.0145408
0.6861473
0.51650774
0.839853
0.58203423
0.6108718
0.688395
0.9120627
0.51371557
0.8302916
0.95461935
0.50431114
0.68311256
0.61171657
0.6861372
0.6225951
0.5686508
0.97189426
0.6657237
1.47033
0.74629426
0.706371
0.60307765
0.6091444
0.7541871
2.1766672
0.39806896
0.5022347
0.4476637
0.6423638
0.62631446
0.5247688
0.4302387
0.5340095
0.65337944
0.4539292
0.47378457
0.57689553
0.5774137
0.5237806
0.7231697
1.10086
0.5473845
0.614861
0.57253987
0.49868813
0.53022134
0.6620828
0.49370655
0.5737725
0.59435964
0.5562692
0.5386882
0.72159415
0.8166975
0.5541939
0.6237899
0.48814112
0.66482776
0.5598545
0.57322323
0.6528338
0.440541
0.60375226
0.48041418
0.61233836
0.5418909
