0.5631297
3.8665009
4.237249
0.84914476
0.5466536
1.1442428
4.3107114
0.23893042
1.3101479
4.470557
0.0
2.163763
0.337054
4.4721513
1.3593751
4.069149
3.6717143
1.4700532
14.74754
4.270223
4.2403007
0.9946978
1.0367391
0.0
4.536682
1.8003478
0.0
3.9051063
2.0144472
0.0
0.86195004
0.40122217
3.7933376
4.2631783
3.976368
1.8191035
3.8298821
2.9626768
4.17354
1.095496
3.6679034
14.236445
0.70318747
0.27644938
4.1935
2.7133968
1.2742803
4.2163277
4.3516207
1.4826478
1.5632648
0.079241954
1.6070263
4.208766
3.2848241
1.7992872
0.91030735
4.3857193
3.3606145
2.1357582
4.289096
4.2225885
0.6758251
1.8222189
1.634634
2.909891
0.0
4.1018734
1.3347418
0.7062488
3.993804
0.5871061
0.0
0.0
0.28883535
1.0107532
1.1446302
2.2421987
4.012178
4.2995796
4.3156257
1.1565917
14.628205
5.9653807
1.2576053
1.5614976
4.281471
1.425481
4.2133055
4.177674
4.4789968
1.443355
4.352643
1.8829371
0.46737877
4.0315175
4.2175426
3.569853
2.729244
3.4593685
3.6032398
4.112773
1.1044849
0.5672946
3.9921808
1.9802176
4.046943
0.44675115
0.0
0.6263393
2.9336796
1.4216962
4.1563067
4.548688
1.4145457
4.243094
1.6980995
0.6138184
1.2067107
3.6946888
0.3992336
1.0555824
0.0
3.6655276
0.0
4.2970877
2.4186306
1.3004397
4.583623
1.881532
4.138963
4.4843163
3.9246275
0.0
0.674456
1.4958699
3.7968235
3.695721
3.832242
4.238704
1.648831
4.1811247
4.1386247
1.7241242
4.1856093
3.870696
0.17615536
3.547328
2.5582795
2.9251173
3.6277492
0.92362666
4.367948
2.6831574
4.3651934
0.0
0.37441462
1.8483049
1.0405222
4.2003946
4.4481225
1.8799273
0.75898886
1.295939
0.47318467
4.284778
0.92602843
0.63709253
0.6779835
3.9731894
4.2647367
0.91961974
0.75413066
1.5504528
1.731748
0.0
0.5532564
4.081989
3.520379
1.2028974
0.6418747
0.4043335
3.750258
0.44426268
4.3119764
3.5962236
1.0496001
2.0603752
4.5171456
0.626116
4.3062434
2.2731767
0.7385349
4.0626755
4.246626
0.753263
0.9195886
0.0
2.2400172
0.94295114
4.1607766
1.239881
3.1755104
4.207285
0.782743
3.9598718
2.6315973
4.6014605
4.2313333
4.1072187
3.7821472
3.8380928
0.5545669
4.005776
3.95179
1.1422817
3.4781466
0.24494857
3.1672688
4.099627
0.9917902
1.2315376
1.9437441
4.1649013
0.12111674
1.5873363
0.20847662
1.6005641
0.83587414
0.0
0.5141764
1.0660555
4.65839
1.5104352
1.6007619
1.113852
0.0
3.8711839
1.9222426
4.148948
0.0
1.323626
0.0
3.5766642
0.66031176
1.008647
0.0
4.082857
3.753062
2.4451745
0.0
3.9924777
0.69272137
0.5193744
1.0487742
0.66724217
4.2259927
0.4857463
1.1273965
0.8323028
2.0634325
0.96728355
1.308493
1.3811424
4.069085
0.0
4.1528354
0.7228206
1.6515465
3.0711648
3.49543
4.2173624
2.6218426
4.2792616
4.080736
0.98546183
1.8897582
1.3554921
0.328063
2.903935
0.59516656
4.1072025
4.372049
0.43791312
4.4074583
1.244127
1.4524338
0.55136764
0.4848172
4.410078
1.633858
3.8863592
4.143335
4.3258967
1.1188837
1.2001266
0.67683697
3.1808937
3.5251412
4.3641944
0.0
0.9074211
0.0
1.1079259
2.534555
0.7150597
1.3953261
0.43070498
0.0
0.9155266
3.8977423
4.0938306
1.2773165
0.57300997
4.5102124
1.2705944
4.232443
3.9378223
3.0971978
0.786707
4.0237613
0.77543616
0.96033657
0.0
4.2933016
3.8584356
3.8251047
0.87599987
3.991309
4.4050345
4.0272427
3.2070377
0.6064627
0.0
0.0
0.45335978
0.37814984
1.6790425
0.79683715
4.239673
1.4643978
3.483461
4.0592113
3.3067951
4.5870194
3.5854235
3.9132526
3.2687206
0.0
3.1082385
0.43260962
3.9084735
2.407773
0.0
3.7074533
0.79624397
0.0
1.0489845
1.0682309
0.9836875
0.6601885
4.2718973
3.9605176
0.6964712
4.015693
1.2997551
0.4789076
1.8605049
1.2198682
0.8169085
0.57939655
1.5495138
0.6878165
2.4873815
1.2624903
4.7087913
0.98357075
2.6687222
1.3045025
3.843565
2.625381
0.0
4.395682
0.0
2.924892
0.6261001
4.343543
0.54778665
0.77398306
0.06563134
3.6351576
1.0243711
4.254752
0.0
1.7204816
1.9660002
1.7455933
7.680376
3.9823327
4.5786858
0.5786014
4.0635633
1.5117042
0.0
3.7458005
0.96643955
1.147799
4.045407
2.46928
0.7477311
4.1514506
1.8879875
0.0
4.1355915
0.17716168
4.037874
4.34549
1.1280853
0.6339266
0.0
2.5324311
0.0
3.201212
2.0830758
4.334797
0.6099117
4.436669
0.9154062
3.9412284
4.312531
4.4501467
0.72618
3.842497
3.920966
3.937066
1.2498854
2.4945722
4.002166
0.90844446
0.0
0.83393246
4.379111
1.1160898
2.8916373
2.1127784
2.9792938
2.9242184
0.8618029
1.6066215
3.822301
0.70595926
1.0739111
4.0226164
0.5584534
0.29879013
1.5179591
0.14716372
0.8095468
5.5176735
0.8186393
1.9801769
0.5980284
1.7405969
3.5798538
4.196511
3.753104
0.0
3.248364
3.9517932
0.6897038
3.9849815
3.9400506
1.2558527
4.1597376
0.0
0.0
4.1461644
1.3504934
0.0
0.7514903
1.3232301
3.9127567
1.1665488
3.6784666
1.1719066
1.3747252
3.962249
0.96257484
3.359148
3.0316606
1.2309463
3.77682
4.0082774
0.0
3.9128358
0.0
4.062588
2.0012333
3.7902389
0.0
1.8130001
0.0
0.58994067
0.91172606
4.783797
0.0
0.0
1.5988803
3.7268178
0.55742496
0.7147907
1.6091251
1.4811724
1.0434632
3.776994
4.0714903
3.4032938
3.8203046
0.97701323
2.922894
0.7148452
2.546412
0.9456391
3.6358137
1.0044667
0.33105657
4.313932
1.321244
0.7185616
4.309918
3.6837404
1.6331372
2.2649112
1.4842907
0.9306296
3.7458222
0.84302187
0.78552747
0.6288099
0.86159503
0.9588764
3.9893215
0.8226573
1.3619454
1.9233979
1.2729414
2.4936278
4.2742925
3.9543948
4.0443406
1.369287
4.180233
4.6760235
0.6352045
4.499349
2.6665926
4.1338396
1.0977433
6.7066274
0.5161553
1.7782248
0.42319345
2.0427876
2.6973023
2.523638
4.1626
3.2766218
4.130334
0.5277506
0.32426998
2.325159
3.822017
0.7767624
1.0014918
2.014629
0.63353765
0.8577647
3.6922712
3.3743744
1.2780803
3.775464
4.4588594
3.7681768
3.896714
0.5776079
0.9566904
0.9721514
1.0759256
1.5627134
3.8945608
1.2283335
4.3248663
3.9219887
3.8507075
4.105365
0.0
4.056263
1.1978024
3.8777928
3.8003397
