0.8144395
0.6210019
0.645423
0.6847356
0.67934036
0.47237873
0.6995627
0.4879297
0.59948015
0.7004891
0.0
0.7746303
0.4708633
0.8794902
0.93218124
0.6430645
0.60655683
1.0220716
4.7471056
0.6046161
0.6551775
0.39006606
0.5164696
0.0
0.74985236
0.5300063
0.0
0.64210236
0.6183464
0.0
0.667041
0.56549627
0.47066864
0.7182109
0.7755711
0.62950313
0.6607762
0.676132
0.7030984
0.8707136
0.4741679
4.4384146
0.71793824
0.55732644
0.5363061
0.4729678
0.4507367
0.6587714
0.7146855
1.150911
0.49714118
0.40410802
0.48582342
0.6330633
0.64288497
1.0239359
0.9136121
0.6363381
0.5835463
0.7035664
0.6965439
0.6409701
0.57165515
0.77243865
0.56270087
0.63507915
0.0
0.61475027
0.4496154
0.6066647
0.58722174
0.687639
0.0
0.0
0.54031384
0.71112895
0.6983416
0.6360942
0.606393
0.6876768
0.5657325
0.5692885
4.6028805
2.0108511
0.6448109
0.95690167
0.65379524
0.8502312
0.7286181
0.6400351
0.67496485
0.9731295
0.66164666
0.5434589
0.5992528
0.2935005
0.5276797
0.6222918
0.65166503
0.6515293
0.57999396
0.5389663
0.60315293
0.412724
0.6703802
1.1045147
0.65191543
0.641475
0.0
0.54831296
0.7222195
0.8874333
0.6763274
0.7183026
0.7549174
0.72212225
0.8567465
0.566204
0.5442465
0.5460923
0.5838416
0.46970433
0.0
0.57996494
0.0
0.6809303
0.6096271
0.5614631
0.6432747
1.1884772
0.4656601
0.6925617
0.5561332
0.0
0.63552386
0.93289065
0.5540083
0.486542
0.7115427
0.6391331
0.53510296
0.6747392
0.63284546
0.5868796
0.6930115
0.6326957
0.48964292
0.5417872
0.54377127
0.54454434
0.44222534
0.811187
0.7994537
0.6346551
0.71075463
0.0
0.39942992
1.0784701
0.61800873
0.8045499
0.5475248
0.5740471
0.6186531
0.4990482
0.5963693
0.68710625
0.8354562
0.46518376
0.7910534
0.6473097
0.58439857
0.7610053
0.8553894
0.50715834
0.75015646
0.0
0.6650562
0.4511946
0.6013134
0.8567617
0.55929756
0.55319947
0.6227666
0.47520727
0.7630503
0.42852655
0.6992544
0.5475967
0.67131835
0.80760676
0.41205457
0.6256558
0.6186524
0.5122068
0.73359126
0.6193044
0.5483591
0.0
0.6701391
0.82419133
0.6150554
0.464831
0.67634135
0.6622789
0.7676464
0.6152298
0.62464446
0.6961338
0.6037431
0.44442442
0.6093937
0.62427026
0.5276494
0.653165
0.6295817
0.52038014
0.74263436
0.5418494
0.6542086
0.5961867
0.62534964
0.7508874
0.5278297
0.60252917
0.43186668
0.8082642
0.43750426
0.91340816
0.8919421
0.0
0.72066087
0.84532344
0.69953793
0.9032538
0.6017787
0.70575684
0.0
0.6764014
0.57607514
0.7025446
0.0
0.67515564
0.3424682
0.6821914
0.7414331
0.5555904
0.0
0.6632322
0.5516206
0.54876864
0.3453578
0.6179308
0.72288334
0.6240474
0.51648235
0.50332993
0.6944629
0.51892513
0.44703943
0.7348354
1.0140105
0.5371125
0.6300951
0.57059586
0.5999807
0.0
0.55293065
0.68226945
0.5355629
0.743054
0.55838567
0.6191673
0.5059049
0.619407
0.63668644
0.7173035
0.47815368
0.69138443
0.65061104
0.60708904
0.7832366
0.5364539
0.66810304
0.4899136
0.6227918
0.74746954
0.655017
0.53039145
0.5739648
0.7199345
0.8493708
0.5294076
0.71771425
0.703125
0.65820676
0.8308875
0.8587271
0.56494266
0.6471854
0.6594455
0.0
0.7381116
0.0
0.93753636
0.54308134
0.5456796
0.5008403
0.67277765
0.0
0.71959615
0.59841096
0.64021456
0.9085012
0.5681232
0.60086954
0.82713073
0.6887407
0.46006367
0.6301233
0.7545074
0.6940958
0.65195954
0.4816108
0.0
0.6030194
0.5056535
0.59938186
0.9229254
0.5731104
0.578914
0.64108074
0.7873291
0.66937333
0.0
0.0
0.7436325
0.5615183
0.6629736
0.7414567
0.6681616
1.0654666
0.669061
0.61496365
0.59466976
0.49212742
0.6306504
0.6628321
0.5611138
0.0
0.61900735
0.78962564
0.5099722
0.4812049
0.0
0.61361396
0.86546314
0.0
0.77422035
0.66476166
0.9077688
0.76685023
0.63443756
0.6197514
0.5417447
0.38348246
0.7432413
0.6886988
0.50623363
0.6464831
0.9335436
0.80297166
0.5801773
0.6905297
0.4941296
0.6015084
1.5296724
0.7358734
0.71731883
0.6108172
0.5613901
0.6490343
0.0
0.35608727
0.0
0.5309814
0.57777935
0.49115717
0.6468487
0.68380076
0.5557192
0.5876106
0.72830653
0.61881906
0.0
0.5144645
0.63802916
0.45156038
2.440679
0.5365677
0.7947838
0.6661233
0.5213799
0.4435482
0.0
0.7236642
0.485492
0.71202016
0.50282
0.75449884
0.52538085
0.6400814
0.5855927
0.0
0.64643735
0.40145606
0.41690108
0.4206492
0.67848814
0.55630535
0.0
0.56030035
0.0
0.57575995
0.98809654
0.8195702
0.6190467
0.6785532
0.82789665
0.63194203
0.55475575
0.72183454
0.64002126
0.5493756
0.6618177
0.7224797
0.9821117
0.7571581
0.6762825
0.8758163
0.0
0.63094765
0.4911863
0.68626976
0.70264333
0.5707323
0.52736485
0.46541166
0.67844325
0.5128789
0.4860384
0.5609584
0.77590024
0.591835
0.5156077
0.45188636
0.45233002
0.44408292
0.8886531
0.0
0.5684627
0.60707784
0.67120713
1.0873587
0.5917559
0.5311199
0.6527375
0.0
0.857592
0.48588654
0.703922
0.6512489
0.6070736
0.73798466
0.59909844
0.0
0.0
0.6341909
0.79372495
0.0
0.5585399
1.0108507
0.6337519
0.78847694
0.54639804
0.66118467
0.46949813
0.5718944
0.7871373
0.512328
0.53209597
0.89795905
0.52388704
0.58086973
0.0
0.6540271
0.0
0.8136543
0.59176606
0.5994408
0.0
0.51003957
0.0
0.49401104
0.8866602
1.7224966
0.0
0.0
0.7898073
0.561936
0.6727318
0.6259498
0.9224379
0.6541149
0.9174603
0.5621048
0.6033023
0.78306377
0.51019454
0.5728406
0.6398887
0.5861542
0.7880322
0.70114255
0.556364
0.5196086
0.6943196
0.7393449
0.74609506
0.6919349
0.7359512
0.508261
1.1857252
0.54524
1.0779407
0.7121696
0.5046769
0.92171717
0.60448885
0.6363042
0.69614565
0.978712
0.53356
0.896502
1.0214121
0.5207823
0.7225166
0.6385119
0.7022075
0.61964935
0.5970937
1.0416899
0.65853685
1.5319942
0.8044052
0.68875027
0.62457204
0.5903149
0.81058395
2.2744882
0.4085909
0.52967906
0.48696145
0.6862219
0.66226083
0.5514943
0.3868506
0.5333193
0.65689933
0.44950375
0.4630807
0.5793066
0.5925029
0.56354374
0.7737476
1.160263
0.58447206
0.60917246
0.600036
0.4996601
0.5259997
0.6712705
0.44568807
0.58922726
0.61488473
0.57086474
0.5511697
0.7314875
0.9014942
0.5761322
0.63576925
0.5150035
0.67994153
0.5702739
0.5614137
0.6553988
0.5013957
0.5853299
0.5060347
0.6026135
0.53376573
