0.56013113
0.23954196
0.30715922
0.34338656
0.5313707
0.1994642
0.36020324
0.29404306
0.34084606
0.4477145
0.0
0.48942006
0.3378269
0.59338665
0.6453082
0.32734704
0.27464217
0.84080523
0.0
0.19109647
0.25959256
0.25355276
0.17606434
0.0
0.31577945
0.2541459
0.0
0.25749242
0.47385496
0.0
0.0
0.25422478
0.103298314
0.27584445
0.54714435
0.47676265
0.2583928
0.39878866
0.30617586
0.5223074
0.21743754
0.0
0.0
0.0
0.25816017
0.094314076
0.34204924
0.3630289
0.2339169
0.80434614
0.36919656
0.19030634
0.24731445
0.20238021
0.14768155
0.6428377
0.64325553
0.35019663
0.2872772
0.50946486
0.19252388
0.25395954
0.25103614
0.5743501
0.28978083
0.22706683
0.0
0.21799906
0.24713267
0.21706839
0.25934866
0.5056679
0.0
0.0
0.31286785
0.49002704
0.0
0.45555767
0.20631406
0.34286046
0.20207927
0.28125128
0.0
0.0
0.5238074
0.64635295
0.2597729
0.64458704
0.35748127
0.26960856
0.30964166
0.6340288
0.3541539
0.3228757
0.4048364
0.0
0.062126704
0.2124687
0.2787134
0.31508815
0.34752676
0.21009682
0.48931003
0.2611965
0.29155567
0.7662121
0.19093488
0.39046803
0.0
0.42983696
0.4680619
0.6971848
0.36057302
0.37037262
0.0
0.33837533
0.5728574
0.21707913
0.34150282
0.14107502
0.34176755
0.20415665
0.0
0.22917688
0.0
0.37356827
0.33405578
0.28071296
0.42444775
0.81172025
0.11042628
0.33283266
0.26176658
0.0
0.48652044
0.75144625
0.112769574
0.060962424
0.30915612
0.25924712
0.35039034
0.40998802
0.28246516
0.2881253
0.37570837
0.35671732
0.15539552
0.087304875
0.2798557
0.38363838
0.1589614
0.50729656
0.29708776
0.4509011
0.32261124
0.0
0.3770226
0.8456836
0.34888738
0.5839037
0.27294943
0.2607274
0.38112932
0.34381312
0.42201668
0.3747428
0.55519956
0.23632655
0.60690933
0.10795742
0.06614985
0.5359559
0.6157755
0.2788171
0.35814586
0.0
0.28694004
0.0
0.03697344
0.40867323
0.30198464
0.2871231
0.21041015
0.20742562
0.3514927
0.05899832
0.5136463
0.48084265
0.3510774
0.5065214
0.0561223
0.43430066
0.39512828
0.093723126
0.21923907
0.28776935
0.47087848
0.0
0.34303266
0.54937905
0.20115753
0.20517388
0.5288869
0.3350513
0.46322358
0.19327435
0.44372723
0.44293463
0.23028569
0.0
0.34718677
0.3936151
0.057011936
0.30250624
0.18366589
0.34638435
0.46240184
0.30629265
0.4390806
0.2820132
0.47322607
0.5031956
0.3646006
0.25985178
0.13013884
0.6468019
0.3742337
0.5682384
0.5735092
0.0
0.49367872
0.6567908
0.43479943
0.678182
0.32215336
0.0
0.0
0.43416715
0.28769496
0.34383577
0.0
0.32598206
0.17447542
0.21319388
0.44415042
0.28828192
0.0
0.25224847
0.23213437
0.33809876
0.018752122
0.115106076
0.43197575
0.50828093
0.1940541
0.3179201
0.2729161
0.36898506
0.20489638
0.39522588
0.8491446
0.35593626
0.36661443
0.32591125
0.28236297
0.0
0.11457383
0.44089875
0.36075628
0.39220262
0.32570606
0.31729618
0.26491225
0.26753643
0.30574307
0.419955
0.21625999
0.0
0.2910652
0.24120526
0.46097094
0.16516249
0.40259296
0.30755284
0.2809246
0.49459496
0.45473996
0.33678856
0.4192403
0.30805978
0.6148409
0.20585038
0.18514842
0.41655222
0.43178478
0.4370925
0.59066993
0.37634048
0.018802563
0.2791189
0.0
0.5499595
0.0
0.75975907
0.28444782
0.33148223
0.35624424
0.0
0.0
0.0
0.1643076
0.116784215
0.61738175
0.36904722
0.24641481
0.49885502
0.3725256
0.01498179
0.34025866
0.47558933
0.12298734
0.30236512
0.24172977
0.0
0.14265445
0.18121433
0.23518495
0.6616302
0.17271595
0.19316936
0.20022464
0.64204186
0.0
0.0
0.0
0.4279858
0.2627752
0.3301923
0.5651933
0.2504482
0.74469715
0.30481198
0.10049214
0.26336855
0.12066906
0.06707192
0.18787567
0.34303954
0.0
0.2823736
0.539554
0.28420755
0.26086137
0.0
0.22844186
0.5486833
0.0
0.0
0.41951954
0.59024537
0.0
0.17205963
0.16534224
0.21959281
0.24212927
0.48785102
0.40077558
0.33439186
0.44117546
0.60069084
0.0
0.38310513
0.0
0.12652846
0.41745242
0.0
0.5128546
0.4056859
0.47388265
0.1718455
0.42846954
0.0
0.07284036
0.0
0.1832683
0.32667625
0.1627142
0.40104333
0.2728793
0.008284148
0.33283532
0.3477155
0.20886016
0.0
0.28616273
0.4341318
0.28811812
0.0
0.0054958346
0.44639525
0.3235889
0.0065407925
0.26142684
0.0
0.48391387
0.25609687
0.0
0.12615722
0.46584114
0.44099578
0.24231622
0.42536166
0.0
0.32801494
0.24424244
0.12899064
0.16971329
0.0
0.24045056
0.0
0.3068579
0.0
0.25555095
0.75164366
0.48734862
0.2101056
0.08819316
0.6133145
0.3797475
0.13453788
0.424102
0.48046178
0.11792001
0.3872458
0.5662124
0.60293037
0.5481026
0.44391775
0.5193896
0.0
0.0
0.15238434
0.36276424
0.39354458
0.48228493
0.34027493
0.26495057
0.45640713
0.30679548
0.025171295
0.35438973
0.5443159
0.23946139
0.26715738
0.21283016
0.19408472
0.17894423
0.59662646
0.0
0.21489425
0.23649946
0.524364
0.81502014
0.32263097
0.27461812
0.18663993
0.0
0.07573216
0.04272001
0.43601087
0.29959762
0.19046581
0.0
0.15311396
0.0
0.0
0.2953194
0.59533495
0.0
0.2521713
0.69957596
0.33977446
0.5336527
0.10064098
0.47013786
0.21264476
0.22643706
0.35464174
0.30205157
0.23441441
0.7590989
0.096720695
0.18054894
0.0
0.11939282
0.0
0.45317462
0.369342
0.11684467
0.0
0.25945458
0.0
0.15015024
0.6267223
0.0
0.0
0.0
0.6397679
0.13967961
0.419417
0.36918572
0.7870365
0.45754552
0.6520062
0.09578718
0.21471678
0.08605371
0.06570749
0.2956119
0.33978248
0.26700035
0.51194245
0.4602324
0.18337743
0.38925225
0.41066018
0.42143056
0.36322895
0.0
0.31893498
0.08243075
0.9035818
0.3886144
0.78125936
0.36401057
0.06800729
0.45809233
0.4282578
0.32584617
0.0
0.70564353
0.16409735
0.4642782
0.7178088
0.25485256
0.50779104
0.54358923
0.26213154
0.3498232
0.26555297
0.60386795
0.09461045
0.0
0.52271795
0.3220455
0.26393622
0.15009221
0.31513643
0.0
0.08251633
0.25994247
0.05270138
0.43663234
0.3829127
0.3781405
0.2218689
0.23264708
0.4091117
0.42922002
0.28004256
0.3685749
0.28136978
0.30327553
0.46671045
0.8362818
0.35822517
0.16422877
0.10717262
0.2257965
0.28074262
0.11747335
0.24662295
0.18809739
0.3174776
0.33388847
0.35961172
0.5870248
0.6997742
0.35933185
0.14567459
0.42013386
0.3775176
0.4552783
0.31042567
0.21193826
0.15457936
0.24981515
0.4288056
0.34994763
0.22820954
