0.69910806
0.44990757
0.6709155
0.59972787
0.5729251
0.52335256
0.49740043
0.41780823
0.63926214
0.7597799
0.0
0.731683
0.2984228
1.0729939
1.1078334
0.34060058
0.16934645
1.2590833
0.0
0.6328536
0.431211
0.47038257
0.5646923
0.0
0.5624268
0.5194095
0.0
0.56689656
0.51212835
0.0
0.0
0.4225056
0.31199452
0.569284
0.8927134
0.6913205
0.5466965
0.6791868
0.8113689
0.8522807
0.3698066
0.0
0.0
0.0
0.4195632
0.27989912
0.5754533
0.6301413
0.70533
1.0056939
0.56613064
0.4885692
0.41067433
0.48231915
0.20009016
0.86159563
0.8800705
0.6197714
0.5624305
0.8565774
0.60616213
0.4457182
0.16920166
1.0802331
0.5842813
0.65840966
0.0
0.5278685
0.36859316
0.48329502
0.49880826
0.6783237
0.0
0.0
0.5561378
0.6612337
0.0
0.77718735
0.43980306
0.693216
0.46857217
0.55343086
0.0
0.0
0.9292382
0.9723117
0.48637995
0.8772193
0.6998878
0.5105891
0.559073
0.9544402
0.5726447
0.564658
0.67665446
0.17507985
0.36978245
0.23095243
0.77961445
0.66603607
0.61342835
0.33339307
0.69763947
0.5641715
0.4608853
1.2661561
0.41486394
0.6302139
0.0
0.5532522
0.85409474
1.1209408
0.800193
0.78428966
0.0
0.5483622
1.0117741
0.48373204
0.4900734
0.43437874
0.49132898
0.3357229
0.0
0.38176924
0.0
0.54539394
0.66550666
0.47656074
0.9857623
1.3480009
0.21680231
0.736764
0.50588864
0.0
0.6597939
0.99980456
0.3798704
0.3045726
0.7933399
0.6035394
0.6070773
0.65966177
0.50249386
0.6267562
0.61636883
0.60022587
0.28415093
0.23837443
0.3145926
0.7120953
0.2375777
0.6874767
0.64276564
0.60058856
0.6689864
0.0
0.46208104
1.2181875
0.52690506
0.8763667
0.62095386
0.6037978
0.63482785
0.66798145
0.588272
0.8013866
0.77332526
0.4289444
0.83477956
0.2728002
0.329121
0.84606373
0.8089886
0.5787555
0.75788176
0.0
0.5918655
0.25617927
0.10277065
0.8216153
0.28410956
0.337506
0.38761625
0.39294687
0.8003106
0.2203145
0.72428954
0.62540495
0.76625466
0.65354216
0.2894737
0.68376213
0.5950922
0.43763566
0.5315057
0.6672914
0.62179106
0.0
0.5441156
0.69060534
0.67581594
0.48062795
0.9755913
0.6774303
0.59995425
0.49132705
0.71272004
0.8305326
0.56228435
0.33214888
0.43514183
0.7287627
0.12803406
0.52538663
0.5414783
0.56627375
0.5952073
0.6514466
0.62208194
0.53638
0.57713014
0.80050606
0.4628902
0.6389446
0.47970968
0.959815
0.580956
1.0306469
0.70778775
0.0
0.6624194
0.7556628
0.6311264
1.0454916
0.49645406
0.0
0.0
0.7823578
0.53520834
0.6616833
0.0
0.7087427
0.40265244
0.3678291
0.62630004
0.49416745
0.0
0.42557767
0.6331237
0.47015995
0.22371422
0.43127304
0.5808688
0.5416081
0.43944862
0.45368442
0.64544445
0.60474914
0.3750026
0.5940067
1.1711155
0.74951935
0.63091254
0.56683606
0.54331094
0.0
0.41645536
0.6727738
0.6154877
0.7453132
0.43593538
0.53384167
0.53224665
0.45985526
0.497522
0.73914623
0.43523377
0.0
0.5314831
0.6117345
0.6158815
0.4377389
0.56423277
0.4619027
0.623436
0.7182312
0.76886415
0.5406578
0.5867218
0.64266086
0.84566313
0.42334652
0.5868255
0.5155266
0.62568766
0.6006871
0.7024586
0.5527881
0.12806538
0.7850919
0.0
0.6922637
0.0
0.9171598
0.4526844
0.37883788
0.6644016
0.0
0.0
0.0
0.35066152
0.28130203
0.81724805
0.557005
0.58805746
0.6877008
0.50696135
0.33012402
0.6178851
0.55262554
0.41881526
0.46297085
0.2657648
0.0
0.4385169
0.44745442
0.4821909
0.7679211
0.32012314
0.5232197
0.5633316
0.9596755
0.0
0.0
0.0
0.658552
0.43429607
0.63627905
0.72642666
0.5892766
1.1185833
0.44141102
0.62558776
0.40469426
0.64599365
0.14046504
0.4133398
0.5195584
0.0
0.59135824
0.663742
0.4551301
0.5083512
0.0
0.4291497
0.7810058
0.0
0.0
0.712078
0.8178182
0.0
0.31629875
0.5404688
0.3733689
0.2714801
0.76353496
0.47758377
0.64876854
0.66955924
0.80456847
0.0
0.7187338
0.0
0.53133196
0.6476779
0.0
0.7365834
0.88632286
0.70198816
0.4053811
0.5452395
0.0
0.4305201
0.0
0.4672995
0.39374804
0.5580903
0.63157624
0.48667046
0.0
0.69258946
0.5447378
0.31840512
0.0
0.5543673
0.6912689
0.5102283
0.0
0.2781354
0.67704475
0.4458946
0.4447447
0.5007718
0.0
0.918676
0.42138347
0.0
0.38725847
0.8073651
0.61801404
0.3646243
0.6994311
0.0
0.61710966
0.3612268
0.41847813
0.4029576
0.0
0.47035038
0.0
0.45994943
0.0
0.59822273
1.2743627
0.848392
0.36624092
0.47551662
0.71608335
0.61008054
0.5220714
0.8519186
0.5172322
0.30996752
0.46652356
0.9380893
0.84620005
0.93129367
0.42492414
0.7914947
0.0
0.0
0.5677103
0.79685116
0.73014575
0.7053496
0.41516644
0.4428404
0.76454335
0.47479624
0.21068789
0.49240997
0.8025754
0.41620857
0.5567607
0.32959196
0.32023558
0.41081166
0.7112367
0.0
0.37619862
0.5465765
0.6785164
1.2836334
0.46170244
0.31802392
0.36966702
0.0
0.17296371
0.25475198
0.65637463
0.4639993
0.29987508
0.0
0.47055522
0.0
0.0
0.48822507
0.85662663
0.0
0.4282332
1.042151
0.50425667
0.6939759
0.21450523
0.60323864
0.44975975
0.31738216
0.61520326
0.6289909
0.44674492
1.1121572
0.30703536
0.48337433
0.0
0.4768318
0.0
0.73293096
0.4905131
0.48534077
0.0
0.31868264
0.0
0.4486798
0.90446174
0.0
0.0
0.0
1.0633206
0.39715695
0.4888163
0.43199813
1.0247598
0.71064854
0.96372837
0.4256124
0.4672095
0.14103137
0.17609666
0.4875197
0.53585017
0.40973318
0.95127374
0.5436732
0.22731341
0.5455455
0.6078566
0.7785056
0.7067847
0.0
0.5782396
0.3270029
1.3512514
0.6195652
1.2652948
0.6163486
0.4067434
0.72680426
0.44385093
0.627255
0.0
0.88108796
0.5598947
0.7023439
0.9463671
0.5271811
0.86885065
0.6675612
0.61552584
0.5189186
0.57897174
0.83324707
0.4850897
0.0
0.75005925
0.69963086
0.6700144
0.45123655
0.6442947
0.0
0.23841156
0.7153165
0.25026354
0.7822734
0.6721502
0.55920476
0.5206074
0.41345796
0.6333152
0.41463745
0.4171007
0.46806848
0.5707999
0.45428532
0.7451829
1.1767209
0.65059096
0.38533673
0.38794845
0.5858121
0.41700897
0.25562382
0.49077696
0.384317
0.66520935
0.42859322
0.55563575
0.59357905
0.85734695
0.60392714
0.2702629
0.63420385
0.8579212
0.56364805
0.53335625
0.41603348
0.23932496
0.40047944
0.54531527
0.3361059
0.40770185
