0.6020141
0.39847374
0.50234
0.525112
0.5747414
0.4311267
0.38623014
0.43422195
0.54362077
0.5636433
0.0
0.59789294
0.24567343
0.7165853
0.9272828
0.39120942
0.3431838
0.9652812
0.0
0.32108328
0.33141568
0.24702986
0.25087455
0.0
0.5111798
0.46288148
0.0
0.44956654
0.46762094
0.0
0.0
0.44255173
0.20915273
0.41939116
0.7290763
0.54856616
0.5774866
0.59873027
0.44064426
0.554
0.13912925
0.0
0.0
0.0
0.35339895
0.21442989
0.42565578
0.5023304
0.5137925
0.96665084
0.22954565
0.43366998
0.33104962
0.26602766
0.22664195
0.81663543
0.67708814
0.3319659
0.39329794
0.6129757
0.3055595
0.35787737
0.18451896
0.7610724
0.4214567
0.41598445
0.0
0.41313094
0.36398116
0.37949455
0.35129943
0.44151852
0.0
0.0
0.37819687
0.4615669
0.0
0.48722282
0.32163852
0.3739623
0.38036096
0.38476643
0.0
0.0
0.5690735
0.7506625
0.2602164
0.7286468
0.4261907
0.44519114
0.564885
0.8670679
0.508135
0.5156736
0.41291693
0.11005979
0.27880618
0.12096979
0.5712669
0.44219497
0.36427802
0.32999796
0.46861258
0.3341648
0.39080724
0.9896692
0.3523318
0.42387223
0.0
0.39096487
0.7722553
0.7566079
0.43569857
0.62434936
0.0
0.48052973
0.7681294
0.48408118
0.45743576
0.35880768
0.37798768
0.17974065
0.0
0.3675748
0.0
0.45875168
0.44518676
0.447797
0.58067346
1.0677993
0.307937
0.5095265
0.30801538
0.0
0.38361788
0.82689375
0.3877157
0.13950792
0.620704
0.45935735
0.40785113
0.42892098
0.46204674
0.37463364
0.51989573
0.49511388
0.23724781
0.06099502
0.25268808
0.44851717
0.1913309
0.6374725
0.5740137
0.53815454
0.5301063
0.0
0.39821103
1.0655872
0.49130747
0.7308756
0.394146
0.47934034
0.4999555
0.5173474
0.49300975
0.5943049
0.65655017
0.38512647
0.6143605
0.29616237
0.15152447
0.5964156
0.63355684
0.40700877
0.6234637
0.0
0.4350275
0.20024897
0.20147641
0.6034048
0.46835023
0.37360024
0.11747151
0.34170288
0.71468353
0.04025854
0.5440187
0.509179
0.545961
0.4429391
0.19692846
0.49082547
0.40321895
0.12050591
0.34145644
0.59013164
0.60210294
0.0
0.4967195
0.63359725
0.43421695
0.40304095
0.7285787
0.44641563
0.6155913
0.34523484
0.5065576
0.5751333
0.4241084
0.27541447
0.283013
0.5232462
0.054639988
0.54636115
0.33131692
0.40474996
0.6466419
0.38296786
0.5474488
0.29988018
0.57635885
0.6641328
0.42328787
0.5041869
0.22027564
0.74079084
0.30732125
0.789569
0.6775134
0.0
0.5415809
0.7359069
0.51220256
0.90862584
0.51023835
0.0
0.0
0.5845368
0.41078082
0.4942697
0.0
0.5186171
0.19917023
0.08781303
0.51066965
0.50893223
0.0
0.28879634
0.24567015
0.4002677
0.26139742
0.29481608
0.39564463
0.3789888
0.3505759
0.41082203
0.5578709
0.46206868
0.20897448
0.50578296
0.99740106
0.51344275
0.5454773
0.38785097
0.32328677
0.0
0.3055983
0.57908344
0.47102863
0.60444635
0.3329622
0.44754785
0.42631966
0.448897
0.4381335
0.5571735
0.327475
0.0
0.5336811
0.5338517
0.6650744
0.20185986
0.46646512
0.25795773
0.51983845
0.7356627
0.6546616
0.30338234
0.4467052
0.4596085
0.7203514
0.29214597
0.47846362
0.44121164
0.5560861
0.49756548
0.5346393
0.49232838
0.2238239
0.6046455
0.0
0.6467345
0.0
0.8848199
0.42564785
0.31032893
0.44275948
0.0
0.0
0.0
0.23407422
0.33496818
0.720351
0.41845205
0.282786
0.5558211
0.36674964
0.16864385
0.53325397
0.5286449
0.31248814
0.3830816
0.329903
0.0
0.4458958
0.16417204
0.18982723
0.6662976
0.33385158
0.38978952
0.32567102
0.7160279
0.0
0.0
0.0
0.50543493
0.37800378
0.5103065
0.6541971
0.39085755
0.8623898
0.41732532
0.3154256
0.3919075
0.4124442
0.121311106
0.28394002
0.39174333
0.0
0.5028605
0.53687805
0.40701923
0.3567362
0.0
0.38883385
0.69806737
0.0
0.0
0.61787206
0.66611826
0.0
0.2261816
0.29543674
0.596366
0.28436223
0.6673027
0.5602817
0.39302647
0.4583787
0.63873756
0.0
0.42298347
0.0
0.39784136
0.42804328
0.0
0.625901
0.5840291
0.6236362
0.27037147
0.5309458
0.0
0.21554215
0.0
0.33361265
0.40691018
0.30564559
0.55333656
0.5394641
0.0
0.51432693
0.50602394
0.36877647
0.0
0.36181122
0.5666067
0.3878639
0.0
0.09932949
0.571289
0.43138435
0.23877369
0.26818925
0.0
0.741677
0.40231586
0.0
0.24175179
0.6291651
0.43104243
0.31339714
0.51555145
0.0
0.4884048
0.23870933
0.37626123
0.40246826
0.0
0.31018862
0.0
0.42842615
0.0
0.53474075
0.95006824
0.60868716
0.42458928
0.35776922
0.6086929
0.56173164
0.4404484
0.6024811
0.5354345
0.2711773
0.32759216
0.7552122
0.6929588
0.6336738
0.46221212
0.6419702
0.0
0.0
0.23267707
0.56713915
0.64314014
0.4933595
0.50424623
0.28379425
0.49142873
0.55482894
0.12773594
0.3718508
0.726709
0.33266795
0.2725961
0.3335104
0.21854667
0.2254083
0.63622636
0.0
0.4413652
0.44587734
0.42639205
0.9331915
0.43847746
0.27475458
0.2765096
0.0
0.14083719
0.22281767
0.58894
0.42002332
0.22037229
0.0
0.23981796
0.0
0.0
0.43787208
0.615779
0.0
0.5030554
0.83740366
0.3110647
0.6238637
0.22701153
0.52399254
0.28488606
0.39602485
0.57328856
0.4276739
0.41062394
0.8356406
0.1750578
0.3514985
0.0
0.32309362
0.0
0.59836596
0.59356993
0.201925
0.0
0.33529818
0.0
0.2232935
0.79347265
0.0
0.0
0.0
0.78922236
0.2987305
0.4708416
0.42084312
0.78134906
0.5785348
0.90318805
0.24353436
0.2304012
0.039624646
0.20667385
0.32133797
0.59977365
0.47192717
0.6586693
0.59527093
0.17520104
0.50956476
0.5606036
0.5983552
0.577845
0.0
0.50438166
0.18989877
1.1735162
0.42297843
1.0287544
0.3741441
0.27262428
0.57486343
0.46367955
0.52922225
0.0
0.7946202
0.44904098
0.62556595
0.7724476
0.37685937
0.62294227
0.5825768
0.46175328
0.5166073
0.34905815
0.82485366
0.28167546
0.0
0.68548155
0.47185194
0.5311084
0.38184315
0.54863995
0.0
0.29248488
0.60803443
0.1841794
0.5787313
0.5583061
0.6071782
0.41955677
0.28032595
0.46710297
0.2736395
0.28296152
0.29894936
0.4369235
0.52813196
0.6852788
1.0109853
0.38828143
0.41474503
0.16036993
0.37056816
0.29706767
0.26729843
0.3908034
0.30155614
0.34619975
0.35544664
0.49024996
0.46951652
0.75148076
0.36169484
0.2397083
0.3202208
0.6616035
0.52793765
0.47226915
0.49351445
0.24533886
0.35176075
0.46161643
0.44352275
0.2399156
