0.8099745
0.53008866
0.7006929
0.7098409
0.660994
0.5633184
0.4934579
0.53176004
0.7211887
0.8065442
0.0
0.80235237
0.3597205
1.1322417
1.110434
0.54321593
0.40993214
1.2798728
0.0
0.6164044
0.412761
0.40977517
0.5075694
0.0
0.64394385
0.61181897
0.0
0.5656352
0.64430267
0.0
0.0
0.4657652
0.34865543
0.54416794
0.975229
0.67909336
0.6555426
0.75104374
0.63508826
0.8366298
0.27623132
0.0
0.0
0.0
0.48599145
0.3055001
0.6092687
0.75097454
0.7503303
1.0971901
0.46569604
0.5232032
0.4763123
0.45760638
0.30560836
1.1089425
0.8897248
0.5930363
0.5121273
0.93133533
0.48404872
0.51035225
0.16687167
1.1745616
0.5960636
0.7173377
0.0
0.62085253
0.41506663
0.47248927
0.50322556
0.53640467
0.0
0.0
0.55402464
0.6430658
0.0
0.76734877
0.42346433
0.67819625
0.5686846
0.6047124
0.0
0.0
0.9125104
0.97745097
0.45625117
0.9379246
0.6761536
0.61655927
0.66810673
1.2109549
0.60502195
0.706993
0.5747674
0.32993007
0.48015156
0.1612314
0.8696737
0.62023646
0.6163402
0.4370454
0.6910691
0.506234
0.6236217
1.4373827
0.49775228
0.5817311
0.0
0.5687794
0.9944571
1.1694125
0.71576077
0.8067986
0.0
0.57882506
1.04947
0.57463557
0.61318415
0.440532
0.4706024
0.25226605
0.0
0.47973162
0.0
0.57825696
0.6995216
0.5945968
0.8633048
1.40374
0.39237532
0.80270445
0.48959982
0.0
0.611655
1.0458473
0.4695127
0.23135744
0.83334446
0.6287306
0.67737556
0.6028819
0.5512923
0.64986444
0.6896897
0.6732564
0.39071637
0.2822485
0.36605456
0.6947283
0.20809956
0.75082606
0.7220703
0.6560313
0.719993
0.0
0.44451034
1.3806627
0.574305
0.94629806
0.61085755
0.6130017
0.72304887
0.7101776
0.70989394
0.84410745
0.9165291
0.5631366
0.9068019
0.39791182
0.28864896
0.81132674
0.7974798
0.665569
0.86944675
0.0
0.58922637
0.3482593
0.27185348
0.8381245
0.44616464
0.46244636
0.26642868
0.3948326
1.0376711
0.22902751
0.7772647
0.7145662
0.8634824
0.6601378
0.33469683
0.82500225
0.5750274
0.37752098
0.6027417
0.7837292
0.7559079
0.0
0.60083747
0.69471246
0.67239845
0.51453066
1.0264814
0.6623488
0.6710407
0.5842263
0.80539894
0.9399657
0.6266432
0.4238143
0.44422933
0.6701883
0.19084094
0.7000493
0.5734089
0.6604092
0.8031252
0.4666652
0.7666582
0.5971364
0.63252556
0.8097083
0.6154491
0.707883
0.3724168
1.0717043
0.52059495
1.0333536
0.88703835
0.0
0.76083004
0.82025874
0.6388368
1.1928077
0.61649436
0.0
0.0
0.8482169
0.5246658
0.72522616
0.0
0.76364577
0.3192918
0.16497214
0.67320824
0.56148463
0.0
0.3978789
0.47593898
0.5506465
0.35322648
0.42033246
0.5404866
0.55680466
0.57035434
0.40617973
0.6772299
0.6166107
0.29961327
0.6749215
1.3001024
0.7468414
0.78384864
0.48267177
0.48030177
0.0
0.4958028
0.7331437
0.6141618
0.78577435
0.4860387
0.71500885
0.55451465
0.59772706
0.5901315
0.79287744
0.5385183
0.0
0.6005791
0.66207093
0.75264746
0.3788355
0.69911206
0.39910758
0.68912613
0.8038211
0.78108853
0.47001514
0.5880138
0.6416171
0.95948935
0.40979558
0.6718506
0.6381586
0.7090721
0.6591091
0.62147593
0.7066948
0.3207098
0.842548
0.0
0.76379776
0.0
1.0218192
0.5659714
0.4029889
0.6649439
0.0
0.0
0.0
0.32824153
0.36681908
0.8686747
0.5278288
0.6763821
0.7348837
0.5326798
0.32105076
0.6567852
0.604014
0.46345305
0.53039414
0.39934257
0.0
0.5794782
0.31021586
0.36408252
0.94692296
0.4229307
0.5225095
0.6363722
1.0267622
0.0
0.0
0.0
0.68729436
0.49869245
0.6902044
0.8334307
0.55243856
1.0601411
0.56842893
0.633668
0.51442456
0.6267527
0.20833781
0.4711088
0.53103924
0.0
0.6951222
0.6810062
0.529657
0.5048313
0.0
0.5419758
0.8888326
0.0
0.0
0.8275384
0.95470625
0.0
0.42922837
0.5093205
0.56031215
0.35624272
0.8876342
0.6181679
0.6035367
0.68426305
0.69940555
0.0
0.7012623
0.0
0.5277087
0.57010794
0.0
0.806571
0.8032766
0.7980023
0.45412996
0.622123
0.0
0.49215862
0.0
0.50049347
0.41906026
0.62016034
0.6889458
0.6335017
0.0
0.74095136
0.6279184
0.43419003
0.0
0.62280715
0.7485931
0.48064345
0.0
0.25169107
0.75990754
0.566489
0.42364585
0.51692086
0.0
1.0135543
0.54724485
0.0
0.3600589
0.79107994
0.6396288
0.4589229
0.6582238
0.0
0.7200923
0.30013996
0.5436857
0.50500876
0.0
0.4236599
0.0
0.5115539
0.0
0.68739367
1.3143791
0.87362266
0.4798387
0.6093944
0.7187659
0.73860687
0.5605688
0.8290573
0.56378853
0.36572227
0.48363096
1.0653679
0.8979649
0.86504054
0.5232003
0.8500717
0.0
0.0
0.48464304
0.8086161
0.78926224
0.6595735
0.5429827
0.4515517
0.77671176
0.64122564
0.23052578
0.43698588
0.9459346
0.48644072
0.46862173
0.43524075
0.29891863
0.41508004
0.7633926
0.0
0.521413
0.64781857
0.6547774
1.3080567
0.5455823
0.42750594
0.3381581
0.0
0.2121335
0.35999775
0.7119437
0.68284357
0.42094076
0.0
0.45032123
0.0
0.0
0.5514076
0.953954
0.0
0.561762
1.1371167
0.576797
0.7949436
0.30654636
0.6723941
0.37089533
0.46914285
0.7199442
0.6724231
0.59698737
1.2310052
0.22646737
0.52646726
0.0
0.54237705
0.0
0.8347883
0.67079073
0.47341117
0.0
0.34618986
0.0
0.45824763
0.92325497
0.0
0.0
0.0
1.1173195
0.48418158
0.53016275
0.43764484
1.095852
0.80740047
1.1007972
0.38876715
0.47945538
0.09753058
0.2577599
0.4153378
0.7335807
0.5672341
0.932454
0.68240535
0.23639235
0.6024358
0.672208
0.7560601
0.7165097
0.0
0.69992846
0.33667836
1.398585
0.64733994
1.3803539
0.60386693
0.42016456
0.7861331
0.5306464
0.6721168
0.0
0.94819605
0.669225
0.7550699
1.0349758
0.5434127
0.9179965
0.8076256
0.72350395
0.6182279
0.63452023
1.0721798
0.51247746
0.0
0.8952582
0.718392
0.7673539
0.5468161
0.87063783
0.0
0.30623788
0.7633807
0.33119106
0.86655736
0.8788068
0.6553064
0.55863905
0.4255944
0.7206098
0.3881127
0.39714223
0.46800375
0.57975274
0.61685294
0.8389072
1.38883
0.56077987
0.46220514
0.38163793
0.59293985
0.463376
0.3476186
0.5932244
0.3539506
0.65182
0.47747567
0.6004982
0.58917534
0.96176744
0.57218224
0.36670902
0.44003347
0.96326786
0.6257736
0.58497995
0.4878673
0.3315828
0.47958994
0.6387416
0.4481556
0.46497485
