0.7384658
0.4751643
0.58224106
0.6214473
0.6595249
0.49353787
0.4602475
0.54945636
0.63907725
0.7432129
0.0
0.7465442
0.33338156
0.92218465
1.0677292
0.517608
0.45854613
1.1349818
0.0
0.4508498
0.38738447
0.30247253
0.35561985
0.0
0.6140431
0.57064456
0.0
0.52520686
0.5652455
0.0
0.0
0.5120861
0.3070153
0.47573704
0.8691371
0.6465651
0.69271094
0.726117
0.5250613
0.6944736
0.18314444
0.0
0.0
0.0
0.4398326
0.27162087
0.52648073
0.63538855
0.6224246
1.095161
0.32408327
0.48924622
0.4396842
0.35018525
0.29747266
1.0468869
0.79349905
0.4562909
0.4641114
0.7558661
0.39188573
0.43820125
0.24178168
0.9885673
0.50088626
0.5569967
0.0
0.52304894
0.4133718
0.4490538
0.40455213
0.4995724
0.0
0.0
0.47687694
0.5310793
0.0
0.6322513
0.40636677
0.50748986
0.50365746
0.4838126
0.0
0.0
0.74062645
0.91454536
0.35588866
0.8843155
0.5504097
0.6000629
0.6868865
1.0943314
0.61252093
0.6269079
0.49136087
0.2112351
0.4068246
0.15624312
0.72066
0.52875894
0.46608105
0.43146268
0.56942767
0.41472265
0.550445
1.2444767
0.43048504
0.4810824
0.0
0.49705595
0.9092891
0.9530769
0.5354107
0.76270574
0.0
0.58325833
0.95859474
0.5759123
0.61106956
0.43187994
0.4417631
0.20478597
0.0
0.44680315
0.0
0.56581587
0.5595111
0.5456477
0.68658286
1.2926868
0.41341755
0.6613737
0.39968213
0.0
0.4918582
0.9734403
0.49498692
0.1869661
0.75746334
0.5645963
0.5245598
0.50645685
0.5373213
0.49856684
0.65068865
0.5937381
0.35635668
0.13851789
0.3118453
0.5728489
0.23644806
0.74750775
0.7028759
0.6245232
0.65356606
0.0
0.459211
1.3015426
0.5727336
0.8755848
0.51285416
0.56825185
0.5896475
0.61943203
0.61035633
0.7450581
0.8059883
0.50230193
0.7704826
0.39235225
0.22946301
0.7406812
0.7142641
0.5277535
0.7349998
0.0
0.51173794
0.27738437
0.24670112
0.73406166
0.5292006
0.4401405
0.15362413
0.40637797
0.91296405
0.11652415
0.66339076
0.6583437
0.68246025
0.5562843
0.29295695
0.66186845
0.49434125
0.21410824
0.46879163
0.71482015
0.7293404
0.0
0.58028394
0.7095227
0.534515
0.50447315
0.8762838
0.5701942
0.70162594
0.46072707
0.63719845
0.7659475
0.5653329
0.37951347
0.3764644
0.5901637
0.11822471
0.66990435
0.44191065
0.55214524
0.79136866
0.43346933
0.7023359
0.426448
0.6447258
0.77518505
0.510619
0.6343816
0.2686089
0.9197714
0.37750608
0.91950643
0.8216939
0.0
0.64969707
0.81933963
0.58171034
1.0839268
0.6007811
0.0
0.0
0.72218454
0.48665968
0.61366683
0.0
0.64543295
0.2603278
0.1027389
0.60137355
0.56139445
0.0
0.34250244
0.3162958
0.544627
0.34552407
0.3706621
0.4804607
0.44066828
0.48524752
0.461308
0.67293966
0.584189
0.25040874
0.62552136
1.2243122
0.60214585
0.6810532
0.4558849
0.39660937
0.0
0.42449695
0.68000776
0.5493483
0.70193565
0.44516596
0.6017379
0.50925356
0.56347704
0.54076356
0.6851373
0.42360404
0.0
0.6247207
0.61826026
0.7765674
0.27531984
0.6076393
0.33573055
0.6532399
0.79465413
0.74058473
0.38314712
0.5122175
0.55492145
0.91872394
0.36997357
0.57264495
0.59276414
0.64891696
0.61295295
0.59716344
0.6054848
0.32224378
0.742078
0.0
0.7599482
0.0
1.0017982
0.52026016
0.38076064
0.53957844
0.0
0.0
0.0
0.28767592
0.40236333
0.8338135
0.4810665
0.4389731
0.67363834
0.42295974
0.20571274
0.6510174
0.6127522
0.41811424
0.4735667
0.4124152
0.0
0.5390744
0.21248513
0.28066278
0.8118984
0.42038673
0.46471676
0.44972193
0.88951445
0.0
0.0
0.0
0.5938542
0.4761454
0.6057561
0.78244466
0.4974875
1.0004902
0.5406446
0.43600693
0.47572532
0.50323176
0.16264884
0.3767546
0.4747332
0.0
0.63189006
0.631835
0.4833241
0.44270417
0.0
0.5056231
0.80036116
0.0
0.0
0.72866625
0.8425888
0.0
0.3295415
0.38247204
0.66886395
0.3521214
0.8408319
0.6619843
0.48349497
0.58764803
0.69539124
0.0
0.54459643
0.0
0.47644567
0.5004133
0.0
0.7198705
0.71703285
0.76811737
0.36975002
0.6433705
0.0
0.34828463
0.0
0.44629022
0.47975594
0.46211082
0.69693214
0.6305662
0.0
0.6226136
0.6006004
0.46379626
0.0
0.47087786
0.7021119
0.45511937
0.0
0.14572848
0.6924907
0.55262446
0.29408187
0.34089717
0.0
0.88486975
0.49018368
0.0
0.31330204
0.7097487
0.5411337
0.4286189
0.58934456
0.0
0.6213629
0.27953237
0.49809304
0.50091445
0.0
0.39929414
0.0
0.50653183
0.0
0.6354126
1.1537507
0.7513443
0.52183014
0.49037492
0.7160416
0.7039347
0.5307301
0.72565174
0.60232604
0.33522347
0.4087296
0.9000491
0.81437415
0.73406154
0.5405457
0.763738
0.0
0.0
0.3667751
0.7065078
0.77088696
0.5936186
0.61925846
0.3893413
0.6090267
0.65457445
0.18581596
0.4477213
0.87719464
0.43505415
0.35486925
0.42078596
0.2584962
0.34415007
0.7301411
0.0
0.5434017
0.5413181
0.5371956
1.1330426
0.5123877
0.378583
0.3250373
0.0
0.2183785
0.29267076
0.68533796
0.56611425
0.3346046
0.0
0.3321488
0.0
0.0
0.5295433
0.8006422
0.0
0.5648303
1.0019416
0.4509631
0.7444846
0.30002588
0.65955883
0.35669258
0.48974273
0.6940953
0.5366258
0.53091335
1.0730587
0.17781979
0.46849707
0.0
0.4261167
0.0
0.7500653
0.7131543
0.29726243
0.0
0.36984807
0.0
0.34941864
0.8885662
0.0
0.0
0.0
0.99280566
0.40382352
0.5495076
0.48928136
0.9830596
0.696976
1.0602121
0.30447084
0.33898655
0.0935913
0.2575455
0.3938442
0.73041725
0.57475734
0.7903517
0.6939787
0.24175923
0.62003446
0.6552397
0.7039434
0.6628244
0.0
0.62324613
0.25237668
1.3639787
0.5280204
1.2491602
0.47562817
0.33704242
0.69636786
0.556962
0.6397085
0.0
0.9216743
0.57090175
0.71958286
0.9195166
0.46462712
0.763441
0.69856894
0.60077965
0.5983394
0.4614467
1.0200683
0.38745075
0.0
0.81768125
0.6043774
0.64915836
0.47996593
0.74792683
0.0
0.35057315
0.71278614
0.26044524
0.7032411
0.70977664
0.6956692
0.5183475
0.3716461
0.62526023
0.33485857
0.33463967
0.38165885
0.5361838
0.6109451
0.81732553
1.2818508
0.4802182
0.49493372
0.24119401
0.4535136
0.38741323
0.3229222
0.48987737
0.3300238
0.44341582
0.4494947
0.5781643
0.54184765
0.8530221
0.42625847
0.3414987
0.4062289
0.8185269
0.6352246
0.54996043
0.5604897
0.33044264
0.47079757
0.56815046
0.50490665
0.34631658
