0.75560635
0.47945288
0.5865628
0.6385264
0.67894685
0.4981983
0.46437153
0.55389786
0.64806074
0.7444894
0.0
0.758019
0.34435353
0.92874277
1.0889935
0.5207928
0.4652446
1.161057
0.0
0.4478372
0.39347377
0.3038172
0.3654245
0.0
0.62107253
0.57559794
0.0
0.5290716
0.57346827
0.0
0.0
0.51888686
0.30426058
0.48181447
0.8750549
0.6520856
0.6953298
0.7355506
0.5269187
0.7129836
0.17930514
0.0
0.0
0.0
0.43813807
0.27728528
0.52397
0.63620806
0.62781864
1.1166563
0.32470334
0.48881033
0.44328338
0.3516755
0.30260324
1.0741258
0.81359917
0.45305127
0.46897545
0.75633156
0.39535034
0.44102165
0.25081944
1.0116976
0.5096169
0.56708384
0.0
0.5228089
0.42107952
0.46603125
0.4059455
0.5106585
0.0
0.0
0.4813035
0.5376801
0.0
0.6381486
0.40772542
0.50822955
0.50875545
0.49223775
0.0
0.0
0.73723054
0.94123846
0.35738438
0.90662456
0.5612211
0.60301876
0.69162333
1.1213552
0.61681515
0.6319819
0.49576187
0.20559235
0.41019803
0.16156761
0.7258783
0.5352767
0.46764046
0.43446514
0.57580465
0.41570255
0.5483787
1.2740996
0.43484655
0.48752216
0.0
0.50765353
0.91459346
0.9745495
0.53691214
0.7638171
0.0
0.58946836
0.9825494
0.586836
0.63215595
0.43602577
0.4570836
0.22275017
0.0
0.45572522
0.0
0.57405406
0.5657537
0.55774194
0.6842006
1.3146346
0.4118637
0.6630856
0.39878735
0.0
0.49890956
0.9958106
0.49614948
0.18447255
0.7654233
0.5666927
0.5240271
0.50827175
0.5442538
0.50213075
0.6525835
0.5971309
0.3725186
0.13201748
0.31994873
0.57455194
0.22295141
0.7652371
0.71512425
0.6364315
0.6592933
0.0
0.4605919
1.3288801
0.5858856
0.88637674
0.51673204
0.576147
0.5966287
0.6213649
0.6160428
0.7454286
0.8268625
0.50742567
0.787447
0.38985914
0.22966868
0.74819946
0.7237971
0.53121006
0.7473387
0.0
0.5220198
0.27915385
0.24717511
0.75799716
0.54343724
0.4552948
0.15310529
0.41581404
0.92108536
0.107999355
0.6716361
0.6605388
0.6845807
0.56677896
0.29026347
0.6679861
0.50082433
0.21093641
0.47216466
0.7197686
0.73534435
0.0
0.5895278
0.7342039
0.540952
0.5061425
0.87657803
0.57136
0.7156292
0.46401563
0.64268106
0.7677337
0.56473523
0.37709725
0.37452382
0.59765613
0.13605338
0.672695
0.4386135
0.56124187
0.8035035
0.43496516
0.7107739
0.42355976
0.65364534
0.7817666
0.51560676
0.6376424
0.2757508
0.94563645
0.37621868
0.929164
0.841264
0.0
0.66478014
0.84164953
0.5880401
1.1086446
0.6094742
0.0
0.0
0.72734743
0.49083158
0.621869
0.0
0.657018
0.2591511
0.10245115
0.6206376
0.56878453
0.0
0.349059
0.31117737
0.5475427
0.34350803
0.37629858
0.49750096
0.4594778
0.49065885
0.46737164
0.67519474
0.58708435
0.26058316
0.64629346
1.2520636
0.6084276
0.6928744
0.46196347
0.40356952
0.0
0.42562947
0.6854732
0.55772144
0.71186274
0.44732273
0.60481924
0.5121132
0.57313544
0.5472682
0.69404167
0.43354708
0.0
0.6493058
0.62495726
0.79153746
0.2727226
0.61107194
0.34520867
0.6565205
0.8064318
0.75337493
0.38983345
0.51781064
0.55838156
0.9452104
0.3647072
0.58172256
0.5952719
0.6520321
0.63981473
0.62260133
0.60626763
0.3232086
0.74580365
0.0
0.7680754
0.0
1.0272822
0.52620775
0.3988778
0.5418836
0.0
0.0
0.0
0.28605878
0.40975454
0.85605115
0.5016152
0.43819898
0.69095
0.4267845
0.2035102
0.65732193
0.63023514
0.42227876
0.49512982
0.4152357
0.0
0.53800434
0.20953862
0.2755104
0.83548135
0.42257136
0.46724686
0.45614684
0.9000966
0.0
0.0
0.0
0.60736144
0.4864019
0.61856264
0.79277164
0.496213
1.0194405
0.55027205
0.43837216
0.48469144
0.50244164
0.16777328
0.38365412
0.48432446
0.0
0.63617396
0.6460246
0.48471722
0.4421053
0.0
0.5138453
0.8183547
0.0
0.0
0.738823
0.8613399
0.0
0.33272097
0.3824194
0.67771715
0.34944063
0.8688438
0.67607504
0.48138553
0.59632695
0.7131535
0.0
0.54639024
0.0
0.48074648
0.50585437
0.0
0.7332216
0.7180526
0.7729961
0.36862952
0.6506025
0.0
0.34884804
0.0
0.4489866
0.5001919
0.4618329
0.69687223
0.64324695
0.0
0.6238511
0.61881405
0.46759403
0.0
0.4721854
0.7054455
0.46144566
0.0
0.1438255
0.69968635
0.5703894
0.2933892
0.3420742
0.0
0.8933343
0.49551484
0.0
0.3112918
0.7230354
0.54516566
0.432816
0.5934413
0.0
0.6247283
0.2842769
0.49359944
0.5000372
0.0
0.40325552
0.0
0.509524
0.0
0.6396921
1.1821759
0.76065385
0.53821677
0.49403277
0.732192
0.7080265
0.52945507
0.72914803
0.6163331
0.3333668
0.41658536
0.90128815
0.83646953
0.74212885
0.5482411
0.7846938
0.0
0.0
0.3676696
0.7068289
0.7787105
0.5972046
0.6222976
0.3855155
0.61863613
0.6591046
0.18414742
0.46017745
0.8848653
0.436138
0.35914183
0.42786348
0.26434225
0.35048276
0.7468263
0.0
0.56132156
0.5523323
0.55203646
1.1579653
0.5197555
0.38119268
0.32744312
0.0
0.22303005
0.28687465
0.6944389
0.568161
0.3350616
0.0
0.3322517
0.0
0.0
0.53214526
0.82440966
0.0
0.57656485
1.0227797
0.45180506
0.7525101
0.30059952
0.6680191
0.36360082
0.49373814
0.72018677
0.5371473
0.5378877
1.0856507
0.17500652
0.46474203
0.0
0.42845356
0.0
0.76189595
0.72129273
0.29732093
0.0
0.38044637
0.0
0.36119717
0.9086875
0.0
0.0
0.0
1.0122496
0.4056133
0.5665304
0.50477386
1.0059828
0.7060643
1.0717611
0.3025023
0.34107053
0.089362256
0.25977707
0.40801322
0.74282914
0.58465385
0.7958241
0.70510495
0.24585296
0.6219127
0.6659679
0.7022041
0.6786482
0.0
0.62996686
0.254037
1.3873012
0.5351615
1.267776
0.49479604
0.33812353
0.71974415
0.5663509
0.65247244
0.0
0.9439457
0.5616161
0.7377723
0.9406376
0.46771932
0.7676125
0.70885193
0.60195094
0.60277945
0.46179476
1.051255
0.3914304
0.0
0.83904475
0.6094631
0.6577083
0.48086017
0.76280916
0.0
0.35870826
0.7155248
0.28136292
0.7108073
0.71655583
0.70254403
0.5171459
0.37597182
0.6236126
0.340072
0.34988296
0.39216024
0.53845406
0.619749
0.83636695
1.3080604
0.48708612
0.51754594
0.2397309
0.46164542
0.402187
0.32054648
0.48830205
0.33076128
0.4428648
0.4600306
0.5886077
0.5610521
0.8656494
0.43369848
0.3390684
0.40640363
0.8171268
0.6332479
0.5505696
0.5657826
0.34314188
0.47236347
0.5695098
0.51117986
0.3441515
