0.5568747
0.32542762
0.44861847
0.6081333
0.54257977
0.3749552
0.2840019
0.26362208
0.48984516
0.3007327
0.0
0.51692873
0.21240847
0.58619714
0.8800992
0.26572973
0.23551843
0.985799
0.0
0.14537361
0.23605052
0.18624853
0.27606526
0.0
0.44031638
0.4144171
0.0
0.36931324
0.39098728
0.0
0.0
0.3990336
0.005706463
0.40791526
0.62126005
0.42982295
0.41730696
0.4901342
0.3077787
0.52678967
0.0959855
0.0
0.0
0.0
0.2545016
0.13913195
0.34026036
0.4490494
0.46739304
0.9561482
0.1743627
0.40164617
0.21694702
0.22995113
0.13340336
0.7503107
0.7071542
0.1874879
0.32912228
0.5237412
0.19753577
0.3387389
0.14041656
0.7038634
0.4087319
0.35976616
0.0
0.2906818
0.36732662
0.42348874
0.32302257
0.46712
0.0
0.0
0.33283505
0.5424443
0.0
0.42532662
0.19743797
0.2752171
0.3028506
0.3251056
0.0
0.0
0.34952053
0.7384624
0.23399165
0.7096714
0.36979964
0.30665278
0.42480385
0.8316739
0.4325659
0.42623812
0.37487346
0.008407474
0.14657672
0.13631089
0.45546347
0.3630284
0.31084883
0.19402228
0.43153656
0.2723611
0.14596802
0.91709524
0.35134435
0.37801713
0.0
0.3692232
0.6465927
0.74272776
0.37006056
0.38870993
0.0
0.35180467
0.6775006
0.3956044
0.3645195
0.24390694
0.447765
0.31111142
0.0
0.3557843
0.0
0.33999553
0.4547214
0.47092384
0.43058628
0.9779046
0.14023525
0.38032612
0.19204926
0.0
0.32935205
0.83524686
0.25399786
0.06083726
0.4614565
0.3775545
0.34040394
0.33963302
0.37895894
0.32400915
0.40317154
0.415623
0.28040296
0.012008773
0.25513116
0.35950077
0.0
0.62901914
0.48339945
0.48495153
0.41195518
0.0
0.27841333
0.9529373
0.48387176
0.62064797
0.3288293
0.39881578
0.50876766
0.41431424
0.42838642
0.40008077
0.6591221
0.33618513
0.5623912
0.12764807
0.08126897
0.45171985
0.6176571
0.34858373
0.58010834
0.0
0.44131964
0.18130353
0.13394943
0.6340912
0.45018783
0.438428
0.109782964
0.32589525
0.5454149
0.0
0.5105603
0.32436505
0.45558164
0.48448738
0.05085486
0.38629383
0.34509373
0.074656025
0.25439838
0.44920874
0.47610086
0.0
0.48003662
0.6777338
0.39267173
0.28385305
0.5586798
0.3507756
0.64312756
0.27986842
0.46027982
0.41436285
0.23693962
0.1878544
0.14718644
0.5130854
0.16034807
0.44308558
0.18675172
0.34956074
0.5565093
0.3364436
0.44558942
0.14462285
0.5596403
0.58164096
0.35917273
0.3404661
0.2447709
0.72005063
0.2925269
0.6875733
0.66469544
0.0
0.5785194
0.7717164
0.49379474
0.8806856
0.4898468
0.0
0.0
0.50430673
0.3292597
0.41665488
0.0
0.47151387
0.094397545
0.12367729
0.557698
0.4859978
0.0
0.3090359
0.12553963
0.26548335
0.12957819
0.18785407
0.4792572
0.47379982
0.28878832
0.36247543
0.39370793
0.34605563
0.2677451
0.56568885
0.92082065
0.4711324
0.47284326
0.39487836
0.26445255
0.0
0.15688786
0.50654376
0.42876384
0.5527486
0.2593276
0.3202107
0.357072
0.40742654
0.33534738
0.54242134
0.27441075
0.0
0.5486424
0.5301265
0.5680966
0.1116686
0.36034715
0.2392166
0.3628167
0.7345533
0.66876996
0.26206183
0.35064116
0.3760148
0.6223121
0.16158246
0.44439083
0.33081603
0.48169386
0.570678
0.57805467
0.42517844
0.06510995
0.43276206
0.0
0.54314005
0.0
0.8488552
0.3249541
0.32871765
0.36092934
0.0
0.0
0.0
0.14844622
0.28088143
0.70553666
0.47709358
0.1928686
0.564572
0.3847463
0.12720914
0.415497
0.50767267
0.2191949
0.46000743
0.21978377
0.0
0.3655377
0.08037974
0.049113482
0.6948856
0.23620887
0.3229598
0.30965668
0.6294742
0.0
0.0
0.0
0.49948198
0.35617375
0.51227856
0.5297426
0.29904974
0.7679931
0.32895812
0.26722527
0.3492886
0.2816928
0.15358594
0.27418163
0.35562065
0.0
0.38360542
0.5692994
0.35007623
0.26941705
0.0
0.26137653
0.72839046
0.0
0.0
0.6491124
0.66629463
0.0
0.19463801
0.2617535
0.45536438
0.15987577
0.6393276
0.50507164
0.27183378
0.43638274
0.7060696
0.0
0.3379012
0.0
0.31945056
0.39918974
0.0
0.6283762
0.44553918
0.44816604
0.15979499
0.42701706
0.0
0.12664947
0.0
0.23870578
0.43827438
0.14948435
0.35813445
0.4683269
0.0
0.44634798
0.59231234
0.22131422
0.0
0.26962247
0.39569262
0.29882845
0.0
0.09190725
0.5136406
0.44290715
0.18701364
0.33527866
0.0
0.6727263
0.39978763
0.0
0.10912711
0.6200906
0.40853733
0.16624992
0.4194392
0.0
0.36149496
0.26433685
0.21455273
0.26934257
0.0
0.23449658
0.0
0.3599695
0.0
0.45158038
0.98134524
0.53527695
0.35904485
0.27924144
0.5742104
0.40929958
0.26806766
0.48321727
0.46560377
0.1988064
0.31705993
0.6714512
0.69803214
0.59670883
0.38802016
0.61740667
0.0
0.0
0.11446316
0.40757462
0.5021789
0.38277012
0.32281736
0.18158525
0.44854036
0.3854971
0.013537825
0.3438321
0.6495925
0.19937342
0.1964644
0.23614928
0.22165641
0.18217719
0.65154666
0.0
0.4450812
0.46585461
0.40181804
0.8704919
0.41991273
0.19478793
0.2167251
0.0
0.08939672
0.057490982
0.54265606
0.33908436
0.13697876
0.0
0.18409114
0.0
0.0
0.34928563
0.6143229
0.0
0.5167494
0.84098154
0.1907818
0.52906555
0.11169065
0.3814128
0.23734666
0.32600272
0.6033326
0.35688677
0.29554763
0.67283636
0.14036936
0.14481364
0.0
0.29097474
0.0
0.56999254
0.43755284
0.13462675
0.0
0.37438884
0.0
0.14584358
0.8301259
0.0
0.0
0.0
0.67106795
0.20928647
0.5048186
0.42557496
0.7064414
0.4640397
0.73665446
0.16954143
0.14758985
0.0
0.110145114
0.34944615
0.5349559
0.38351282
0.5605221
0.55062586
0.08667805
0.3919317
0.5058109
0.48027733
0.57614005
0.0
0.42010617
0.08861356
1.0880631
0.39816305
0.8853927
0.45752668
0.18162563
0.65432936
0.40897766
0.47623983
0.0
0.7910304
0.2514879
0.6123016
0.7572957
0.36287948
0.5637869
0.50422955
0.37247506
0.48011586
0.32185417
0.8381309
0.14693448
0.0
0.6910075
0.402297
0.51081634
0.32827303
0.46649343
0.0
0.2173965
0.460627
0.20881659
0.5499189
0.49674538
0.48089865
0.23446405
0.22455935
0.25497505
0.29345694
0.3992265
0.3346489
0.29492828
0.5183706
0.66923827
0.8465727
0.29768956
0.41619134
0.07618707
0.39243874
0.33587262
0.19410357
0.298839
0.24617435
0.29404142
0.32429236
0.4688873
0.4930982
0.76115245
0.40006942
0.09898896
0.21103464
0.51254547
0.3065002
0.34213644
0.383012
0.21089828
0.19645958
0.35374248
0.40592352
0.090147994
