0.5106717
0.23479186
0.24456902
0.45721996
0.43418312
0.2418357
0.26562694
0.18426268
0.36307013
0.18915364
0.0
0.44854325
0.10930262
0.4173115
0.6742061
0.18453059
0.21353884
0.7457426
0.0
0.091782555
0.1958003
0.08707065
0.22928691
0.0
0.3514587
0.27061275
0.0
0.26023242
0.31108966
0.0
0.04465219
0.31114638
0.0
0.2835633
0.4351259
0.29663876
0.3416997
0.42700028
0.28570804
0.47534084
0.03404533
0.0
0.0
0.0
0.1459728
0.08184175
0.23066255
0.2774704
0.31700632
0.7493654
0.14409538
0.17058851
0.11616058
0.12642206
0.07655736
0.66307044
0.5590954
0.1603414
0.2524534
0.45695847
0.19189675
0.20389451
0.1337176
0.506877
0.31122065
0.29681456
0.0
0.17907345
0.24306561
0.3176423
0.17257117
0.39807826
0.0
0.0
0.23736307
0.3922627
0.0
0.35917488
0.10588294
0.20838675
0.18038882
0.28339696
0.0
0.0
0.30220616
0.6177605
0.14982085
0.5944007
0.30609587
0.17815131
0.24465303
0.66842335
0.24462053
0.24469274
0.28723857
0.0
0.086170524
0.13067327
0.36220172
0.2888011
0.19659977
0.122853935
0.35926625
0.19353162
0.22471319
0.8124935
0.24424607
0.31342453
0.0
0.28079605
0.38582757
0.6302615
0.18363267
0.25265682
0.0
0.27040407
0.55415916
0.3461945
0.24502376
0.18288453
0.24192166
0.23231737
0.0
0.23659277
0.0
0.24301733
0.3025453
0.28483096
0.20927322
0.7704148
0.0007328894
0.2547382
0.09641468
0.0
0.31955218
0.58466953
0.13517705
0.0
0.38725305
0.24030367
0.20348361
0.2497152
0.33700755
0.18781427
0.34745863
0.2589652
0.29187825
0.0
0.16202061
0.19831407
0.0
0.58823526
0.4164322
0.32998526
0.29567608
0.0
0.15269896
0.7641766
0.3543393
0.39427534
0.23699942
0.30272156
0.39170843
0.25408784
0.28287852
0.34037
0.47124252
0.16240785
0.49432802
0.110705286
0.09841137
0.4115628
0.4828732
0.22569051
0.46505558
0.0
0.3259548
0.067736536
0.0038235085
0.62712604
0.33914706
0.3176155
0.07087346
0.2312163
0.33660516
0.0
0.43064404
0.2536307
0.2596088
0.49226445
0.047786634
0.30908823
0.28736103
0.054082002
0.22459024
0.36857542
0.34796605
0.0
0.3797213
0.60287136
0.2678767
0.18026455
0.4053663
0.2455505
0.4474695
0.18121172
0.304691
0.28705335
0.1289395
0.05089019
0.06046303
0.30417728
0.19697137
0.3081439
0.09364452
0.3056892
0.41335103
0.22090302
0.3882023
0.117657974
0.39603588
0.47459343
0.2585465
0.2327372
0.17655593
0.5576707
0.18409695
0.52792156
0.551154
0.0
0.42488304
0.49567547
0.32387158
0.6552583
0.33202994
0.0
0.0
0.33514935
0.26018414
0.31244764
0.0
0.40005535
0.065225095
0.10783946
0.46661818
0.31792182
0.0
0.1849548
0.08796919
0.22383344
0.018195394
0.16130024
0.38179177
0.34827125
0.19211586
0.25061774
0.22144309
0.24919923
0.17478292
0.42059267
0.74224293
0.27483657
0.35148162
0.26387778
0.1964532
0.0
0.08848682
0.37699282
0.36064017
0.4456293
0.17529516
0.22279504
0.2120042
0.2339143
0.23616506
0.4513384
0.2786704
0.0
0.487771
0.2746648
0.4762009
0.090672575
0.26578045
0.18432929
0.25032705
0.49821544
0.5005115
0.24593097
0.30919406
0.3130043
0.55492455
0.026651558
0.33323374
0.27044216
0.42723984
0.48547322
0.48276523
0.30475813
0.09659062
0.26664683
0.0
0.45476818
0.0
0.6489342
0.22334561
0.31893772
0.21497092
0.0
0.0
0.0
0.14105657
0.12667719
0.5323416
0.32267067
0.02728764
0.4494445
0.2561447
0.01281729
0.3396279
0.46445373
0.16121762
0.36207977
0.19266327
0.0
0.13201861
0.02239975
0.037154563
0.6104369
0.13968985
0.15437666
0.23797667
0.5382811
0.0
0.0
0.0
0.42613235
0.27259567
0.3392648
0.42749
0.21906818
0.66586983
0.32280433
0.22372995
0.30192852
0.15832107
0.025409669
0.24909641
0.21382102
0.0
0.3220522
0.5304954
0.14870498
0.11792885
0.0
0.21980429
0.58659935
0.0
0.0
0.43739024
0.57461834
0.0
0.1283626
0.15211593
0.32523614
0.0
0.50471425
0.42257124
0.1492109
0.3393926
0.5190836
0.0
0.22684829
0.0
0.20067571
0.3077462
0.0
0.44320238
0.35723105
0.34906036
0.098475486
0.31357884
0.0
0.060225584
0.0
0.15948696
0.33273995
0.10603884
0.39460564
0.39449224
0.0
0.23085567
0.44105157
0.08037177
0.0
0.2157718
0.31482786
0.23016334
0.0
0.028652254
0.33687112
0.38353497
0.15217452
0.25835523
0.0
0.43970934
0.23758657
0.0
0.06684707
0.48773307
0.34940234
0.1704006
0.27798685
0.0
0.2757249
0.11304024
0.094292834
0.092056125
0.0
0.19106443
0.0
0.2844588
0.0
0.307385
0.75637037
0.4012838
0.35744715
0.17137389
0.49446225
0.29933158
0.19988823
0.27611378
0.40810904
0.07156416
0.27642158
0.47094455
0.6201905
0.4539116
0.2713727
0.542171
0.0
0.0
0.09986019
0.3282152
0.34524763
0.2818287
0.23595177
0.16286881
0.459896
0.25541466
0.0
0.28062162
0.52118844
0.10429522
0.17756203
0.15647659
0.099832706
0.18558063
0.4839355
0.0
0.34048298
0.30720907
0.37706813
0.7150483
0.25205088
0.14717467
0.098676145
0.0
0.08626675
0.0
0.3119088
0.21427242
0.03739361
0.0
0.17412212
0.0
0.0
0.20047091
0.49931398
0.0
0.28916284
0.6778367
0.14477825
0.47139996
0.028159378
0.3561751
0.22784314
0.16142565
0.51241404
0.2135339
0.1812623
0.53667426
0.0056152013
0.06900682
0.0
0.14591777
0.0
0.43776837
0.32139805
0.014644681
0.0
0.29755172
0.0
0.102662794
0.52842224
0.0
0.0
0.0
0.48924142
0.104493864
0.35724056
0.35450488
0.60926396
0.41933462
0.5843855
0.06661023
0.09736462
0.02573081
0.053655576
0.21850263
0.40138713
0.3047496
0.46443573
0.46586546
0.0
0.31792054
0.36491027
0.32396308
0.46943763
0.0
0.32511887
0.054677684
0.86657655
0.2629631
0.79782957
0.41995135
0.09504373
0.5971127
0.3397113
0.38384503
0.0
0.6459027
0.12938488
0.5528834
0.6508117
0.24706717
0.45402083
0.42021686
0.23610847
0.28602633
0.1652766
0.7057379
0.16187376
0.0
0.50740945
0.2027092
0.3270502
0.14877853
0.4233177
0.0
0.17172548
0.26950192
0.21010849
0.45324492
0.3972794
0.29479122
0.15246086
0.103789926
0.19110225
0.17057548
0.24124879
0.24255428
0.19628519
0.3020916
0.4972615
0.7780104
0.34491387
0.39439684
0.021592848
0.22423406
0.3262326
0.042624563
0.093183614
0.18330269
0.17180835
0.24257375
0.35897198
0.39109635
0.61751664
0.26694253
0.09710834
0.20701212
0.24769384
0.18154958
0.1773119
0.22645378
0.24606284
0.14357468
0.2821441
0.25762218
0.09376634
