0.45789114
0.18615383
0.19814824
0.40423405
0.3423099
0.2136252
0.2065527
0.17557883
0.31173158
0.16375479
0.0
0.39279717
0.107997954
0.37085584
0.570036
0.12973282
0.1819585
0.6064975
0.0
0.09898031
0.21108782
0.042448528
0.20077616
0.0
0.2904485
0.19206566
0.0
0.19515845
0.3092803
0.0
0.06872305
0.24019387
0.023296963
0.27172
0.31210893
0.21903233
0.3096516
0.3660806
0.2877049
0.43910497
0.023664562
0.0
0.00813451
0.0
0.12033347
0.10992111
0.14116354
0.24051464
0.24358408
0.6125859
0.15457313
0.09472043
0.09678361
0.1241076
0.06209569
0.5678842
0.4359589
0.12659699
0.20747383
0.3684128
0.19520083
0.15788598
0.12540862
0.41468647
0.23852642
0.2697354
0.0
0.14237091
0.2018003
0.26206595
0.12935196
0.35392475
0.0
0.0
0.19339636
0.3251577
0.0
0.30764064
0.12387506
0.21805274
0.15184766
0.22649038
0.0
0.0
0.2600876
0.56392723
0.11951582
0.48271036
0.29706866
0.12904362
0.19890085
0.55841196
0.18483658
0.20738618
0.21952716
0.0
0.1330064
0.1030378
0.28684688
0.23024629
0.13684486
0.07810354
0.30656862
0.1357767
0.20094809
0.7108769
0.18358448
0.26039246
0.0
0.26025322
0.3338571
0.5234889
0.18367366
0.24024226
0.0
0.23908336
0.4474769
0.29152203
0.19252671
0.13093264
0.21005222
0.23358446
0.0
0.1961076
0.0
0.18780531
0.25917873
0.28427824
0.16854674
0.63875574
0.0
0.2129216
0.106289946
0.0
0.26145133
0.47679883
0.108192235
0.0
0.33098975
0.1983989
0.14290054
0.17831533
0.28635362
0.18882681
0.25422236
0.22277173
0.2833129
0.0
0.15112232
0.16454999
0.0
0.471053
0.36253992
0.27221173
0.25450754
0.0
0.1230477
0.6462078
0.30292138
0.35606638
0.20710291
0.27428862
0.30284137
0.1947684
0.22546142
0.2957165
0.37568054
0.093900405
0.41804913
0.10777823
0.08108907
0.31743163
0.38437364
0.18364787
0.399321
0.0
0.26834306
0.048532575
0.0031990807
0.500795
0.29831493
0.28318658
0.07310799
0.19753745
0.30518404
0.0
0.3269839
0.2202964
0.22024809
0.40101272
0.026313439
0.24574606
0.26574108
0.06658501
0.2086424
0.29612458
0.27803057
0.0
0.34078154
0.5138767
0.19770499
0.123180814
0.2980034
0.23101725
0.38681272
0.1442004
0.24603191
0.24105406
0.09778763
0.035702426
0.04033228
0.21655825
0.15878616
0.23886703
0.07944062
0.27124593
0.329808
0.16944657
0.3414493
0.1309135
0.30927253
0.3799144
0.23557098
0.19012114
0.16158924
0.4921836
0.11208191
0.42075717
0.49278712
0.0
0.36413527
0.42828232
0.28429416
0.5436053
0.27985698
0.0
0.0
0.25740173
0.20343858
0.28683418
0.0
0.3445372
0.023764834
0.0993928
0.39478806
0.25205106
0.0
0.1597925
0.090532005
0.23284343
0.0051395753
0.18161143
0.3495019
0.29898214
0.12920201
0.19994713
0.15917209
0.1803491
0.21244588
0.35511452
0.62934697
0.24149986
0.31937057
0.23364325
0.17630345
0.0
0.102835774
0.31011173
0.32731348
0.3799651
0.17572856
0.17659144
0.18485327
0.1807611
0.19087669
0.36952105
0.26629937
0.0
0.3928515
0.20413032
0.38489982
0.05790017
0.21616504
0.15527198
0.21541676
0.4392743
0.42049336
0.21370617
0.2610259
0.28875896
0.50670415
0.020898825
0.27161846
0.23654073
0.30492342
0.45319062
0.44048503
0.2058814
0.074106395
0.2529404
0.0
0.3820455
0.0
0.5323158
0.17958605
0.2975379
0.15602511
0.0
0.0
0.0
0.1233192
0.117483936
0.46927193
0.33544013
0.036184985
0.39622593
0.21033992
0.0089115
0.3122572
0.41454026
0.20057158
0.3137234
0.17116836
0.0
0.07905415
0.032469023
0.039669618
0.5152327
0.08643718
0.15841636
0.23317063
0.45088068
0.0
0.0
0.0
0.35590065
0.26482016
0.30138996
0.38310656
0.17433237
0.556628
0.2750826
0.21305344
0.24261384
0.14159195
0.052934423
0.22909404
0.20167546
0.0
0.26635244
0.42771357
0.11153779
0.10162125
0.0
0.21245913
0.4853959
0.0
0.0
0.3665425
0.48066023
0.0
0.14414154
0.12338126
0.26326925
0.0
0.43953803
0.32254833
0.13020457
0.30482906
0.45327935
0.0
0.190936
0.0
0.13341382
0.25749543
0.0
0.37729266
0.30895954
0.30388406
0.07670498
0.31365904
0.0
0.071084976
0.0
0.10984584
0.32391295
0.095126994
0.32039183
0.342427
0.0
0.17693157
0.3456296
0.07100917
0.0
0.18201175
0.25322044
0.15469919
0.0
0.051777594
0.30799454
0.3230882
0.1442395
0.20133853
0.0
0.3625061
0.18233497
0.0
0.07602788
0.42619228
0.28752938
0.14982317
0.21533789
0.0
0.24021602
0.08663906
0.04840733
0.041391097
0.0
0.16805844
0.0
0.19550821
0.0
0.26260915
0.60170585
0.33417693
0.33303964
0.1461483
0.3764315
0.22695246
0.1806904
0.239044
0.3294666
0.05247784
0.2106275
0.37920007
0.5314978
0.36728668
0.2459719
0.5347219
0.0
0.0
0.082495086
0.28989944
0.3003633
0.24652392
0.20203508
0.18583424
0.41331637
0.19671412
0.0
0.23483765
0.40746573
0.09409677
0.16497643
0.16364595
0.09761659
0.15674773
0.38863814
0.0
0.28571862
0.25349236
0.32772824
0.60960484
0.20757894
0.13588442
0.094445236
0.0
0.101487026
0.0
0.2791757
0.18301073
0.028680013
0.0
0.14035317
0.0
0.0
0.16856302
0.42496958
0.0
0.22436103
0.6055451
0.14259085
0.3986794
0.0
0.30297118
0.20466094
0.1074694
0.4284806
0.17134868
0.18010634
0.45428628
0.004317189
0.024950523
0.0
0.118508734
0.0
0.42935762
0.27597806
0.022574713
0.0
0.1936904
0.0
0.10474907
0.43258214
0.0
0.0
0.0
0.42662016
0.09322093
0.29794893
0.3162089
0.51820767
0.38947532
0.47363058
0.05023337
0.083307944
0.0
0.06734113
0.1795267
0.33791274
0.2434524
0.363038
0.38261834
0.013873752
0.27727175
0.2972751
0.23367622
0.43943685
0.0
0.29579848
0.075739175
0.691417
0.20595658
0.67106503
0.39676464
0.08112602
0.50750196
0.29650158
0.3196637
0.0
0.54761565
0.067458645
0.50177586
0.5503304
0.2398675
0.39728156
0.3833027
0.21666373
0.24636623
0.16651948
0.64040995
0.14283894
0.0
0.38219118
0.20071964
0.26453865
0.13520084
0.3511456
0.0
0.10365767
0.20015413
0.16604072
0.39233983
0.31502122
0.22804013
0.1122795
0.103849865
0.15198672
0.15713903
0.22044241
0.25196576
0.1834213
0.24208935
0.42193368
0.68497676
0.30607277
0.34288692
0.029729621
0.19705862
0.3047847
0.053714756
0.06213208
0.13906918
0.13944617
0.1979782
0.26134312
0.34184527
0.48609287
0.24113257
0.067913055
0.17739502
0.193308
0.17127515
0.123261645
0.16859977
0.1849028
0.11888989
0.20616116
0.17876984
0.061938833
