0.55611485
3.893953
4.3002534
0.83263004
0.5524198
1.1643778
4.3324404
0.23633447
1.2942393
4.5078197
0.0
2.163341
0.34266996
4.494134
1.394017
4.065212
3.6763134
1.4893773
14.859716
4.3365
4.267691
1.0352309
1.0545443
0.0
4.5414076
1.7898945
0.0
3.9400074
2.0026984
0.0
0.84991264
0.40208623
3.8316655
4.294423
4.002254
1.849557
3.8215158
2.975569
4.2299376
1.1052406
3.717832
14.312126
0.7007697
0.2547873
4.205607
2.7395706
1.2892824
4.2382064
4.397382
1.4926627
1.5968176
0.08365952
1.6022224
4.233729
3.301348
1.786998
0.9216384
4.423232
3.4108555
2.147668
4.3557105
4.2507987
0.69191897
1.8349504
1.6651937
2.9368124
0.0
4.131827
1.3686346
0.72070396
4.0320086
0.5970446
0.0
0.0
0.30201167
1.0224316
1.1439055
2.2633808
4.04094
4.347631
4.330899
1.1669996
14.727712
6.009084
1.2877344
1.586492
4.318367
1.4403738
4.241465
4.1850133
4.502304
1.4247768
4.3625574
1.8907917
0.46752226
4.021681
4.222849
3.6032934
2.7548294
3.5034103
3.6485527
4.1469226
1.1241682
0.5851265
4.003282
1.9929996
4.0752215
0.4690301
0.0
0.627648
2.947177
1.4469984
4.222868
4.57614
1.4349865
4.2569585
1.7365804
0.6129535
1.2020714
3.7276354
0.41924083
1.0626955
0.0
3.6967742
0.0
4.335761
2.433509
1.2975177
4.629652
1.9061562
4.1424685
4.5191984
3.9627817
0.0
0.6907033
1.4928377
3.827948
3.7404509
3.8423162
4.27297
1.6581979
4.226844
4.1580405
1.7639958
4.209238
3.9053938
0.14264154
3.5745635
2.575297
2.9492261
3.6810076
0.93780065
4.390504
2.7181153
4.3878036
0.0
0.39687306
1.8453648
1.0416621
4.2386813
4.4540806
1.9203
0.7613776
1.3250756
0.47751984
4.315574
0.9259103
0.6225289
0.70117456
3.9858649
4.315912
0.93043834
0.7751412
1.5718458
1.7398415
0.0
0.57278836
4.1121907
3.5471344
1.2029363
0.63675016
0.38535467
3.8051732
0.45025593
4.3271737
3.6195436
1.0553665
2.0657525
4.5382466
0.6293855
4.3365083
2.2755406
0.7574908
4.0952287
4.2810907
0.74239236
0.9144851
0.0
2.2573702
0.9416195
4.2102203
1.2681276
3.195369
4.2267895
0.7805359
3.9720933
2.6316006
4.627887
4.2725997
4.1166415
3.8099532
3.8706055
0.5411221
4.0170813
3.990154
1.1569743
3.4842796
0.27474883
3.1542575
4.1398277
0.9966247
1.2515514
1.9601406
4.180533
0.14584179
1.5994295
0.21682635
1.6232129
0.8071268
0.0
0.5081785
1.0771995
4.6859403
1.5334963
1.605751
1.1092335
0.0
3.9005516
1.9520493
4.187649
0.0
1.3250048
0.0
3.635749
0.66469413
1.0123142
0.0
4.1161923
3.799835
2.4572258
0.0
4.0231495
0.6903282
0.54529685
1.0259227
0.6884213
4.252034
0.48762697
1.1563715
0.8103956
2.06716
0.9918802
1.3005179
1.4177727
4.121204
0.0
4.178041
0.7090678
1.6984353
3.104256
3.5376928
4.2348223
2.63742
4.2932467
4.1215267
0.97767186
1.9036431
1.3770518
0.31247073
2.9049988
0.586362
4.144711
4.382565
0.45330974
4.4371142
1.2520554
1.4736848
0.5790449
0.48940244
4.46661
1.6315882
3.913522
4.1685667
4.336872
1.142937
1.2126263
0.70539844
3.1927183
3.5158734
4.4039364
0.0
0.92055136
0.0
1.1050473
2.5519505
0.73222226
1.4339274
0.47564995
0.0
0.9496911
3.9509077
4.1031322
1.2763247
0.60127884
4.5301757
1.3020742
4.271453
3.9834871
3.115904
0.7801646
4.0439987
0.78381103
0.9614494
0.0
4.3191104
3.9301567
3.8597689
0.85407037
3.980407
4.440929
4.039597
3.228504
0.61849207
0.0
0.0
0.45989472
0.37950733
1.6921508
0.80514073
4.283965
1.4989642
3.4852843
4.1013823
3.3107061
4.625408
3.606564
3.914335
3.3173394
0.0
3.1061761
0.42691782
3.9240184
2.4338777
0.0
3.7332962
0.79231614
0.0
1.0692148
1.065897
0.9835671
0.66883993
4.2955427
3.9950697
0.6727921
4.036694
1.3084807
0.4597182
1.8980795
1.2435104
0.83710265
0.6003049
1.5630989
0.67439073
2.5201306
1.2823237
4.7420716
0.99160427
2.7286637
1.2984904
3.8512807
2.6397674
0.0
4.4137964
0.0
2.9307785
0.62977266
4.369576
0.5636619
0.7537093
0.063954264
3.6782386
1.02053
4.274217
0.0
1.7299203
1.9825761
1.7594045
7.7221966
4.008709
4.6066
0.57121116
4.122467
1.53523
0.0
3.7606165
0.97108287
1.1771749
4.10182
2.5151644
0.74899113
4.162922
1.9394431
0.0
4.163265
0.20342837
4.0441513
4.3795533
1.1334319
0.6322261
0.0
2.5765212
0.0
3.231945
2.1192508
4.3688016
0.60080343
4.4443626
0.9336241
3.9412801
4.3422403
4.4947166
0.73627853
3.8725984
3.9732
3.9581223
1.2661828
2.5170789
4.022543
0.92794
0.0
0.8160575
4.4081016
1.1227062
2.918411
2.13082
3.0038626
2.9623477
0.8685471
1.6101578
3.8484197
0.71671784
1.0608387
4.04746
0.57144684
0.30097193
1.5562348
0.14433105
0.7943849
5.571674
0.80518603
1.9987546
0.6132626
1.752874
3.6281853
4.223625
3.7771842
0.0
3.269013
3.9585547
0.67362326
3.9809432
3.9558039
1.2934388
4.1854906
0.0
0.0
4.1573253
1.3541051
0.0
0.7511234
1.3335842
3.931813
1.1694657
3.6924355
1.1771297
1.4055054
3.9794464
0.96872216
3.405416
3.0428326
1.238021
3.8123858
4.0489144
0.0
3.9281862
0.0
4.0726404
2.0000918
3.8169823
0.0
1.8289231
0.0
0.6096811
0.93328446
4.826654
0.0
0.0
1.6288251
3.7515392
0.55586684
0.7204656
1.620083
1.4692123
1.0402218
3.8052664
4.124
3.4280944
3.8502867
1.0033584
2.9244614
0.70075643
2.5778465
0.94990224
3.6493683
0.9953262
0.3389273
4.348918
1.3325766
0.7468119
4.3304453
3.7100277
1.6503854
2.2967486
1.5155123
0.9461014
3.7591348
0.84032935
0.77968925
0.6295786
0.88629395
0.9638373
3.9979594
0.82167006
1.3565669
1.9355072
1.2917327
2.5044432
4.2882776
3.9864686
4.064919
1.3429296
4.2104893
4.731178
0.6036862
4.5311155
2.6839914
4.168716
1.0749279
6.745522
0.5169113
1.7887381
0.4135732
2.0399435
2.6905096
2.543451
4.2167583
3.3189285
4.1519737
0.54410356
0.32415518
2.3561544
3.8657687
0.753374
0.99041945
2.0110443
0.6627107
0.8616795
3.7305381
3.4201438
1.2911512
3.8061404
4.49189
3.80646
3.9569714
0.5964265
0.9764371
0.9900185
1.0666085
1.5943346
3.921303
1.2757834
4.342436
3.9448867
3.8818831
4.150415
0.0
4.097306
1.2213508
3.9126813
3.8201303
