0.42244577
0.16672261
0.18851805
0.36439165
0.2831451
0.2017189
0.17947206
0.14636934
0.28199726
0.16989654
0.0
0.38098523
0.1261493
0.3664406
0.5190811
0.1217424
0.17813112
0.56398815
0.0
0.106574155
0.24609406
0.045493316
0.20667695
0.0
0.27885374
0.15618333
0.0
0.18926963
0.32262173
0.0
0.09832792
0.19408783
0.05965708
0.28545067
0.25719112
0.18268415
0.32090917
0.33609533
0.3041442
0.4142551
0.041000485
0.0
0.04210863
0.0
0.115356706
0.12179777
0.08063587
0.2394703
0.23556866
0.52880687
0.15517952
0.06544876
0.1077811
0.12629512
0.07220353
0.52085686
0.36034122
0.11437423
0.20646214
0.3242352
0.20810305
0.13048564
0.14872181
0.3780674
0.22150742
0.2807966
0.0
0.12999336
0.19808367
0.24512087
0.11013017
0.3196057
0.0
0.0
0.16905802
0.30372718
0.022526104
0.26884112
0.1509386
0.2191237
0.17017442
0.21257843
0.0
0.0
0.20989169
0.5523485
0.1360756
0.4383189
0.31820443
0.11883944
0.20019072
0.4971003
0.1676078
0.18266588
0.18292841
0.0
0.17251329
0.1137692
0.25850576
0.21623683
0.11888748
0.083360024
0.26605403
0.10250742
0.19508332
0.6805459
0.17018571
0.23541836
0.0
0.26089892
0.32287565
0.46573424
0.20876125
0.23954917
0.04270951
0.25129855
0.41841966
0.29179636
0.17412904
0.1154893
0.19500376
0.27108693
0.0
0.19851148
0.0
0.16788687
0.24632263
0.2736296
0.14965087
0.5685475
0.0
0.2410515
0.11818303
0.0
0.2374812
0.42258728
0.101269424
0.0
0.33237848
0.20846424
0.11329696
0.1665256
0.28436932
0.21618932
0.22137132
0.2394313
0.29267177
0.0
0.1566226
0.15573753
0.0
0.4112351
0.37536898
0.26696688
0.23906142
0.0
0.1059186
0.6034633
0.28885394
0.35984832
0.21437447
0.27162042
0.25431785
0.1464455
0.18766233
0.30252528
0.3318119
0.055310704
0.36464372
0.121774495
0.10159093
0.26737323
0.3155483
0.18391265
0.37440035
0.0
0.2415615
0.056468956
0.013472121
0.44331092
0.29719317
0.27482903
0.09536436
0.21617126
0.30794638
0.0
0.24989063
0.20366296
0.21682969
0.34513724
0.048601627
0.21243308
0.24536745
0.070703015
0.23925297
0.2361363
0.23889664
0.0
0.33183196
0.4678542
0.17589085
0.095656954
0.24479194
0.25272307
0.35889873
0.14578338
0.20220827
0.2241745
0.12297239
0.051829025
0.036581386
0.18643871
0.1499449
0.19694507
0.075118035
0.24149528
0.32386044
0.13961871
0.3234992
0.14564414
0.27414396
0.3435443
0.24809423
0.192618
0.1596122
0.4737342
0.079366386
0.34995946
0.46685103
0.0
0.30600345
0.3958768
0.28253907
0.48587948
0.27345997
0.0
0.0
0.22710668
0.17786087
0.31681103
0.0
0.31710047
0.0
0.113122925
0.36343604
0.23763037
0.0
0.18550904
0.08103573
0.23361945
0.0
0.21750936
0.3349058
0.2713889
0.094523594
0.16799957
0.14167544
0.13587268
0.2317956
0.33197865
0.60567826
0.22103696
0.30365264
0.2313945
0.17776813
0.0
0.12333604
0.2599431
0.3166232
0.37466538
0.19660434
0.13779701
0.16745883
0.18762878
0.18152496
0.3338273
0.27019167
0.0
0.35945198
0.20165716
0.33568218
0.039080236
0.19467501
0.14927064
0.22699635
0.41265416
0.3793633
0.19638321
0.2267914
0.29120618
0.4999796
0.0086208265
0.27208188
0.22391172
0.2556864
0.4674791
0.4551844
0.16371217
0.089212224
0.25853977
0.0
0.31463394
0.0
0.46050498
0.18221188
0.3011653
0.11746134
0.0
0.0
0.0
0.13715994
0.14450577
0.4414235
0.3444822
0.049114782
0.37499627
0.20308782
0.023142932
0.30512223
0.38992876
0.25482273
0.2860796
0.17412752
0.0
0.054605898
0.053117577
0.03945958
0.47661763
0.059506916
0.16804056
0.24756889
0.42235664
0.0018300405
0.0
0.0
0.30335268
0.270613
0.28439084
0.35465327
0.18703909
0.49720523
0.26987514
0.2245856
0.2083239
0.15548018
0.082090914
0.24393563
0.2318918
0.0
0.25699332
0.36620313
0.09336332
0.09402506
0.0
0.22446251
0.43134806
0.0
0.0
0.31140092
0.4234175
0.0
0.1853332
0.11725751
0.2273946
0.0
0.42289227
0.2518377
0.12610364
0.27915847
0.4173444
0.0
0.178779
0.0
0.10337351
0.24541548
0.0
0.3578024
0.30012885
0.2690167
0.058106795
0.33141634
0.0
0.08407456
0.0
0.105308294
0.32586086
0.117561184
0.28996047
0.33567163
0.0
0.16629083
0.30585518
0.06910297
0.0
0.17674552
0.23611385
0.12088868
0.0
0.06770602
0.32060486
0.3022729
0.1552284
0.16945688
0.0
0.34212565
0.15542349
0.0
0.08918215
0.4020636
0.26035327
0.14410906
0.18281347
0.0
0.23261888
0.072484545
0.04878796
0.040855523
0.0
0.15541093
0.0
0.17604512
0.0
0.2280595
0.53889835
0.31275272
0.32944793
0.15514138
0.32928354
0.20815782
0.18964097
0.24966805
0.27377257
0.0806963
0.21060884
0.32857472
0.4985429
0.3339007
0.25231382
0.5324206
0.0
0.0
0.10985172
0.26004696
0.30873957
0.23281853
0.18047877
0.18463929
0.40023756
0.15730982
0.0077549927
0.21728149
0.34046918
0.104289554
0.16321309
0.15943483
0.11274806
0.14226541
0.33696154
0.0
0.26106578
0.24639392
0.29648316
0.5585082
0.19731352
0.14924262
0.113328084
0.0
0.12506646
0.0
0.2646379
0.1775498
0.03194881
0.0
0.12126465
0.0
0.0
0.17049442
0.39878318
0.0
0.18422738
0.5625012
0.14648166
0.38106933
0.0
0.29369992
0.20784307
0.09482228
0.3815566
0.14238678
0.2122456
0.413139
0.0044139586
0.01593102
0.0
0.10928736
0.0
0.4231523
0.2643641
0.030216105
0.0
0.16455011
0.0
0.13107596
0.3801522
0.0
0.0
0.0
0.40771973
0.10132778
0.26738885
0.32515565
0.48240802
0.38387018
0.41674092
0.039800417
0.097504154
0.0
0.10258442
0.16452709
0.34314847
0.20676546
0.3106016
0.3329507
0.03943507
0.2546519
0.25102115
0.19905972
0.45119023
0.0
0.2965265
0.10499382
0.6147794
0.19756693
0.61454266
0.39039576
0.08179886
0.45023847
0.27510193
0.31179798
0.0
0.49459648
0.028397344
0.4639173
0.48573467
0.24327199
0.3566476
0.38103077
0.22512299
0.24130549
0.15770553
0.6039307
0.15390593
0.0
0.30839127
0.21599884
0.2651996
0.12522614
0.31581742
0.0
0.07929348
0.16168238
0.15865801
0.35583264
0.27627647
0.18269518
0.12969257
0.121595755
0.13740344
0.13804698
0.21858107
0.29309264
0.16007778
0.1978772
0.4033534
0.65997136
0.28505033
0.34186846
0.03317118
0.19331725
0.31980124
0.06574367
0.08519954
0.124027066
0.13004087
0.18657552
0.22845306
0.3258634
0.4128108
0.24240698
0.04883281
0.1593314
0.17429647
0.16736431
0.09995133
0.15714784
0.15239626
0.10680748
0.16997336
0.17272557
0.06648361
