0.4012258
0.15370008
0.19359758
0.35842893
0.2588696
0.19101019
0.20783699
0.13699904
0.27557287
0.19919075
0.0
0.40297282
0.14165625
0.395693
0.5166155
0.1480306
0.19086574
0.5570427
0.0
0.13107048
0.28518915
0.04687746
0.23521486
0.0
0.29297283
0.15402775
0.0
0.21059717
0.3664262
0.0
0.14047757
0.17483604
0.10283071
0.32136893
0.24463485
0.16969153
0.34287852
0.32485846
0.33594266
0.42127556
0.065701045
0.0
0.06180583
0.0018208543
0.15456629
0.15116285
0.020099413
0.26757607
0.2680402
0.4876211
0.14366774
0.043053832
0.15839235
0.13213117
0.08906485
0.5377708
0.34211633
0.12602864
0.24235731
0.33070907
0.25714397
0.13894042
0.19880435
0.38410994
0.24203919
0.3161237
0.0
0.14702162
0.23813193
0.23461664
0.12133656
0.30795842
0.0
0.0
0.13318571
0.31337726
0.03876966
0.26329643
0.19508988
0.23234273
0.209746
0.23319368
0.0
0.0
0.19687241
0.57284474
0.17721903
0.46121553
0.35562962
0.12767577
0.22836484
0.5286421
0.19162007
0.1758343
0.14960577
0.0
0.22589613
0.15737136
0.28566965
0.22332206
0.107083164
0.11575189
0.2632853
0.08721439
0.22804075
0.71129733
0.19866624
0.2315267
0.0
0.29438993
0.31659567
0.46233186
0.26440945
0.2865307
0.09037456
0.31214997
0.44886577
0.31227154
0.18988882
0.13716398
0.19950043
0.3447528
0.0
0.23489256
0.0
0.18940687
0.2575856
0.27862653
0.15072073
0.5609819
0.0
0.30219874
0.111005604
0.0
0.2428682
0.39988622
0.09601248
0.0
0.36040983
0.25985628
0.102854475
0.17103054
0.28654492
0.2692964
0.22234724
0.2626256
0.3223695
0.011923351
0.17533344
0.16766712
0.0
0.38823143
0.4447905
0.30170488
0.2665561
0.0
0.106028564
0.632092
0.30870754
0.3929089
0.2484148
0.27411485
0.25479785
0.09547582
0.15834036
0.3373263
0.31238675
0.026112925
0.3252018
0.19436173
0.1279617
0.24945706
0.27953935
0.17700958
0.3756306
0.0
0.22073418
0.08727167
0.01335061
0.43838388
0.345187
0.28951973
0.14673637
0.25113273
0.33148134
0.0
0.20505472
0.19551201
0.22231467
0.3242305
0.08505669
0.21634637
0.23961577
0.08212588
0.32435414
0.21565722
0.2178412
0.0
0.3675
0.46305424
0.19374074
0.08632016
0.23585281
0.28526345
0.34925607
0.17136216
0.17948203
0.23994215
0.13869262
0.084109426
0.053286918
0.19287898
0.1632277
0.17604263
0.097640015
0.22063869
0.34853125
0.14249
0.33204782
0.16877466
0.24261723
0.33816767
0.2512635
0.21107586
0.16289835
0.5122142
0.054854088
0.32276228
0.4746345
0.0
0.27274993
0.3881439
0.30477872
0.4849077
0.2941825
0.0
0.0
0.207394
0.21173233
0.3667716
0.0
0.32181394
0.0
0.1251107
0.35215786
0.23615688
0.0
0.23645091
0.064371824
0.24892457
0.0
0.2719185
0.33935377
0.2752841
0.086061805
0.17113353
0.16362773
0.10961137
0.27539903
0.3469858
0.63289845
0.22046447
0.30996668
0.23985136
0.18504557
0.0
0.18233708
0.2397841
0.32684427
0.4017393
0.20935464
0.11846014
0.1594902
0.19813436
0.217868
0.33768025
0.28150076
0.0
0.37293255
0.22360654
0.34382212
0.057603896
0.1982472
0.15163349
0.25521535
0.40275854
0.34102124
0.21289095
0.22819434
0.3388303
0.5467284
0.0
0.3390181
0.23901819
0.2339962
0.49685687
0.48740622
0.15294866
0.11818354
0.27821314
0.0
0.248085
0.0
0.42617878
0.19696583
0.32996365
0.12610883
0.0
0.0
0.0
0.17283647
0.17571463
0.4700465
0.35740292
0.08589023
0.39150846
0.20820174
0.033151753
0.31005228
0.40485376
0.3259599
0.28890693
0.20741913
0.0
0.06259826
0.077104844
0.037980933
0.49292976
0.054247536
0.18639301
0.27890134
0.44440255
0.009132259
0.0
0.0
0.25176942
0.2987342
0.2894408
0.3489666
0.22650264
0.47792423
0.29568294
0.25335148
0.20299833
0.19693728
0.09917266
0.2628333
0.27320412
0.0
0.2841577
0.30653423
0.06636972
0.076774366
0.0
0.24557883
0.41417146
0.0
0.026813164
0.2717644
0.4074674
0.012861038
0.2502777
0.13827251
0.23186171
0.0
0.45376384
0.20269376
0.13659412
0.27721423
0.38863927
0.0
0.19021241
0.0
0.07902652
0.24573024
0.0
0.3504061
0.31701025
0.25804043
0.042070743
0.37120086
0.0
0.10738915
0.0
0.09602557
0.35316744
0.16341406
0.28540078
0.37517855
0.0
0.15862855
0.28340378
0.11725499
0.0
0.20252107
0.23658657
0.11436764
0.0
0.076694004
0.36919415
0.29482627
0.1947827
0.1577645
0.0
0.35011947
0.15220454
0.0
0.11362096
0.41224912
0.24917515
0.16958082
0.18178804
0.0
0.21911627
0.05362747
0.058192726
0.04461945
0.014806289
0.16488
0.0
0.17025152
0.0
0.21598984
0.53803235
0.32723013
0.36215097
0.19776894
0.3224731
0.21166466
0.20014998
0.27796677
0.24735454
0.1150277
0.25531712
0.30934653
0.5247226
0.34422234
0.2774964
0.5489888
0.0
0.0
0.17025173
0.26294044
0.3401233
0.23599273
0.17158392
0.1767453
0.42359984
0.15636863
0.044934336
0.24238734
0.30856985
0.12064468
0.17086574
0.17349797
0.15876152
0.13663279
0.30272567
0.0
0.25722212
0.27513143
0.2871135
0.55661523
0.21414062
0.18802905
0.13578488
0.0
0.17193982
0.016186982
0.24572949
0.19622953
0.057671517
0.05410569
0.09849255
0.0
0.0
0.16537537
0.41440815
0.0
0.17157087
0.52664095
0.16937703
0.384912
0.005720841
0.2878379
0.23278488
0.10113796
0.3940338
0.119377404
0.26223713
0.4010982
0.03669623
0.009705495
0.0
0.12770627
0.0
0.44915044
0.3027664
0.032979775
0.0
0.15839158
0.0
0.19034383
0.35667273
0.0
0.0
0.0
0.43175194
0.09633155
0.2642378
0.37683776
0.5032235
0.3862588
0.40498516
0.053520128
0.1436606
0.0
0.13678065
0.17608066
0.37542397
0.19321012
0.30018312
0.30822822
0.07396848
0.22549523
0.21941525
0.19614084
0.4855513
0.0001911372
0.3237532
0.15071002
0.58285534
0.21214859
0.6059782
0.41932508
0.072407424
0.4520012
0.2838435
0.33193824
0.02302541
0.48094195
0.011508103
0.46710676
0.44508454
0.23124811
0.326161
0.41511938
0.24785416
0.24282378
0.15113659
0.58528125
0.18271436
0.0
0.23675595
0.24043922
0.30772975
0.10937935
0.32236254
0.0
0.09193182
0.15737689
0.1682483
0.3505313
0.26344153
0.1570324
0.14211431
0.14276306
0.13835108
0.12640579
0.22107965
0.34878904
0.16317178
0.17541939
0.4241077
0.71330327
0.2972926
0.3622416
0.045520596
0.15972427
0.32293293
0.07754198
0.111044995
0.12280757
0.15727466
0.21874702
0.2080401
0.33826876
0.35586226
0.26636997
0.038620025
0.15233013
0.17647961
0.16317321
0.08557772
0.1473278
0.14129496
0.11965421
0.15593958
0.19648683
0.086271286
