0.0
0.0
0.18263932
0.03754145
0.0
0.027891953
0.063985184
0.0
0.060539626
0.22525229
0.0
0.0783797
0.0
0.42994368
0.0
0.028878491
0.0
0.0
0.0
0.19783683
0.022741906
0.04777412
0.012266411
0.0
0.12986873
0.0
0.0
0.15911418
0.0
0.0
0.0
0.0
0.0036233738
0.038266204
0.22501135
0.048960526
0.08115268
0.15727843
0.16689621
0.0
0.0
0.0
0.0
0.0
0.15516311
0.0
0.0
0.17617738
0.16412637
0.0
0.0
0.041687958
0.0
0.01971755
0.0
0.0
0.0
0.12871641
0.08689344
0.19223422
0.0719147
0.068343006
0.0
0.0
0.041261595
0.09460665
0.0
0.08456417
0.0
0.0
0.09138358
0.0
0.0
0.0
0.002760809
0.011283613
0.0
0.1376613
0.07186832
0.17154534
0.14632036
0.043655124
0.0
0.0
0.20877847
0.0
0.11054069
0.0
0.06229461
0.10598899
0.16243824
0.0
0.1278854
0.04368871
0.0
0.07233178
0.096567065
0.0
0.22160631
0.10469532
0.13278466
0.09280944
0.0
0.0022550002
0.11130681
0.0
0.07997015
0.0
0.0
0.0
0.21691322
0.0
0.14332089
0.3072422
0.0
0.078502916
0.0
0.0
0.0
0.00806007
0.0
0.0
0.0
0.002851041
0.0
0.09883338
0.12229881
0.0
0.3333113
0.0
0.10387759
0.22840641
0.101203695
0.0
0.03057605
0.0
0.044078663
0.021648657
0.20533593
0.2259397
0.109357536
0.15287304
0.04961091
0.058203444
0.14647584
0.1741678
0.0
0.0143722035
0.0
0.13818231
0.0
0.0
0.13701437
0.0
0.18077418
0.0
0.0
0.0
0.0
0.18740794
0.20129332
0.0
0.06630546
0.12199999
0.0
0.2475351
0.0
0.0
0.0
0.060549427
0.011105713
0.051690884
0.0
0.043023743
0.17515264
0.0
0.019845042
0.050744843
0.0
0.0
0.0
0.0
0.0030912617
0.0
0.28306684
0.018307403
0.004134476
0.058025345
0.26229456
0.0
0.09416702
0.13512781
0.050294325
0.07922127
0.17353022
0.0
0.0
0.0
0.0269218
0.0
0.20456451
0.06372939
0.32093808
0.16370851
0.0
0.08552569
0.11759614
0.25308886
0.11450122
0.051517848
0.021035794
0.22964269
0.0
0.12407206
0.032559533
0.038715422
0.07540452
0.0
0.11974421
0.13268888
0.0
0.14768767
0.023264797
0.18954204
0.0
0.0
0.0
0.14590372
0.0
0.0
0.0
0.0
0.106002964
0.0
0.0
0.0
0.0
0.22299898
0.014594063
0.15288463
0.0
0.009878983
0.0
0.0
0.0
0.0
0.0
0.0
0.06590869
0.0
0.0
0.0
0.0
0.0
0.018669203
0.0
0.1768155
0.021555673
0.0
0.0
0.0
0.09557004
0.10553212
0.0
0.076596536
0.0
0.029707598
0.046709985
0.035412453
0.16006656
0.051246032
0.0749149
0.06262649
0.11823493
0.08756448
0.09944004
0.036452703
0.0
0.0
0.07376373
0.0
0.0134438
0.2067425
0.0
0.17173025
0.024431197
0.07286232
0.0
0.0
0.17975178
0.0
0.10345084
0.106624015
0.13190818
0.068116054
0.0
0.0
0.15393913
0.0
0.31015322
0.0
0.0
0.0
0.0
0.023569014
0.0
0.119652264
0.0
0.0
0.0
0.003404513
0.0
0.0
0.0
0.16160378
0.0
0.07677442
0.04515199
0.09717104
0.0
0.0466533
0.0
0.024399243
0.0
0.13601641
0.1031359
0.021393254
0.0
0.05000808
0.11838133
0.104478374
0.25913408
0.0
0.0
0.0
0.0
0.0
0.021564407
0.06957528
0.0861574
0.0
0.031503588
0.16482095
0.019508768
0.26807946
0.0
0.0
0.028516704
0.0
0.097059034
0.0
0.086376816
0.03810972
0.0
0.03303827
0.0
0.0
0.0
0.060747065
0.0
0.0
0.0
0.11551886
0.03354906
0.009196563
0.0
0.0
0.039259627
0.05262603
0.0
0.0
0.07210974
0.0
0.07316312
0.014903728
0.0
0.0
0.16729966
0.09635237
0.056322344
0.008135218
0.0
0.20104913
0.0
0.043459076
0.0
0.2710426
0.027859058
0.0
0.0
0.1715851
0.0
0.0
0.0
0.057066485
0.15683207
0.0
0.0
0.038536057
0.20243594
0.0
0.0657797
0.015755441
0.0
0.2528825
0.0
0.0
0.011574043
0.20675862
0.04577451
0.0
0.11861956
0.0
0.18414834
0.0
0.111701384
0.19783218
0.0
0.0
0.0
0.00095961057
0.0
0.08438544
0.0
0.2295841
0.0
0.15282603
0.0
0.18755358
0.105307706
0.24110006
0.0
0.0
0.008375516
0.3046431
0.0
0.15607993
0.0074737957
0.0
0.0
0.0
0.16636206
0.17946288
0.107837915
0.07481328
0.0
0.002510881
0.031211715
0.07252126
0.02665029
0.0
0.054004528
0.07423485
0.0
0.0
0.0
0.009849617
0.0
0.0
0.0
0.043029852
0.0
0.0
0.050394937
0.08722473
0.005437592
0.0
0.0
0.023570715
0.0
0.10516657
0.04773199
0.0
0.1075948
0.0
0.0
0.039442513
0.0076001044
0.0
0.0
0.0
0.042740017
0.01282407
0.0
0.0045340154
0.0
0.0048005804
0.0
0.00258215
0.04691469
0.0
0.0
0.07376983
0.0
0.029346209
0.0
0.16238667
0.03269744
0.059877682
0.0
0.0
0.0
0.0
0.0
0.0
0.0
0.0
0.0
0.018366955
0.0
0.0
0.0
0.092324324
0.07980796
0.071527824
0.10055318
0.0
0.0
0.0
0.120677084
0.0
0.25581715
0.0
0.0
0.007970163
0.0
0.23730898
0.0
0.0
0.09111517
0.02351732
0.0
0.07659041
0.0
0.0
0.03930077
0.0
0.0
0.0
0.0
0.0
0.2248956
0.0
0.0
0.091341145
0.14568047
0.13742
0.16113862
0.009487459
0.14804743
0.0
0.11861336
0.0
0.0
0.17876595
0.06796551
0.13909903
0.0
0.0
0.0
0.13057116
0.0
0.16556403
0.15294899
0.15929057
0.18727042
0.025336893
0.11180747
0.0
0.0
0.0
0.071535476
0.057239667
0.0
0.0
0.02237369
0.0
0.050070867
0.066792816
0.0
0.0
0.1504636
0.0049056243
0.14117968
0.0
0.0
0.0
0.044715203
0.0
0.0
0.017831197
0.3451253
0.09328051
0.12184663
0.026031557
0.0
0.03780634
0.047649592
0.0
0.06645597
