0.0
0.0
0.18105285
0.036988717
0.0
0.02580136
0.064820886
0.0
0.060137644
0.22575507
0.0
0.076994725
0.0
0.42788017
0.0
0.028972935
0.0
0.0
0.0
0.19839679
0.022570755
0.05040194
0.014078319
0.0
0.12974724
0.0
0.0
0.15907544
0.0
0.0
0.0
0.0
0.0039216205
0.038003802
0.22575958
0.05079152
0.08076511
0.15608466
0.16727297
0.0
0.0
0.0
0.0
0.0
0.15433751
0.0
0.0
0.17313586
0.1635371
0.0
0.0
0.042383663
0.0
0.020595184
0.0
0.0
0.0
0.13037454
0.087973595
0.19114684
0.07035573
0.07083024
0.0
0.0
0.042103022
0.09460045
0.0
0.08402893
0.0
0.0
0.09285144
0.0
0.0
0.0
0.0013811849
0.011422095
0.0
0.13741824
0.0722346
0.1710247
0.14508037
0.043968037
0.0
0.0
0.20656572
0.0
0.11346857
0.0
0.06164315
0.10532446
0.16249864
0.0
0.12988217
0.045331802
0.0
0.072331555
0.09688642
0.0
0.22248383
0.10392027
0.13301475
0.09266477
0.0
0.0015203841
0.110514484
0.0
0.078867696
0.0
0.0
0.0
0.21672432
0.0
0.14503354
0.3078356
0.0
0.079409845
0.0
0.0
0.0
0.0067426227
0.0
0.0
0.0
0.004031319
0.0
0.099954106
0.12239421
0.0
0.33439204
0.0
0.104795605
0.22849874
0.103638746
0.0
0.029568924
0.0
0.043812193
0.02282317
0.20471741
0.2254684
0.11038923
0.15345156
0.050573595
0.057758078
0.14714852
0.1747679
0.0
0.013874244
0.0
0.13724735
0.0
0.0
0.13744487
0.0
0.18046387
0.0
0.0
0.0
0.0
0.18508285
0.20049828
0.0
0.06437774
0.12350433
0.0
0.24918327
0.0
0.0
0.0
0.06257784
0.010124757
0.05305046
0.0
0.043411843
0.17437057
0.0
0.019585898
0.050061982
0.0
0.0
0.0
0.0
0.0029515852
0.0
0.2828122
0.01955499
0.0043489393
0.057485882
0.26110706
0.0
0.09353068
0.13455136
0.04998696
0.079538204
0.17478058
0.0
0.0
0.0
0.025077589
0.0
0.20419239
0.064254455
0.31995478
0.16191128
0.0
0.08647743
0.11841753
0.25301594
0.114793085
0.050677303
0.020640811
0.22808321
0.0
0.1245467
0.032684512
0.039665002
0.07358499
0.0
0.12081029
0.13201344
0.0
0.14704512
0.023271728
0.18972379
0.0
0.0
0.0
0.1462442
0.0
0.0
0.0
0.0
0.10464631
0.0
0.0
0.0
0.0
0.22451536
0.012887092
0.1524728
0.0
0.008512611
0.0
0.0
0.0
0.0
0.0
0.0
0.06621946
0.0
0.0
0.0
0.0
0.0
0.017778242
0.0
0.17592362
0.022111021
0.0
0.0
0.0
0.093363985
0.105936974
0.0
0.076101944
0.0
0.029584566
0.0470019
0.03597182
0.16100147
0.049693305
0.07503782
0.062458497
0.11772814
0.088487476
0.10118318
0.038344637
0.0
0.0
0.07304732
0.0
0.013138969
0.20809193
0.0
0.17231019
0.023408119
0.073530935
0.0
0.0
0.18039115
0.0
0.10357009
0.105742455
0.13138294
0.06700771
0.0
0.0
0.15442029
0.0
0.3110323
0.0
0.0
0.0
0.0
0.022852222
0.0
0.12087709
0.0
0.0
0.0
0.001256777
0.0
0.0
0.0
0.16112542
0.0
0.0776187
0.045258775
0.09649734
0.0
0.046522714
0.0
0.02554286
0.0
0.13539955
0.10373919
0.022799496
0.0
0.05125354
0.11769279
0.10555205
0.25897473
0.0
0.0
0.0
0.0
0.0
0.020927843
0.06861509
0.08567862
0.0
0.03149643
0.16357581
0.020768605
0.26935768
0.0
0.0
0.028048728
0.0
0.09742636
0.0
0.085581504
0.038025364
0.0
0.034760065
0.0
0.0
0.0
0.060761426
0.0
0.0
0.0
0.116139054
0.03288257
0.010522457
0.0
0.0
0.03927286
0.052049242
0.0
0.0
0.0728241
0.0
0.07355951
0.014781509
0.0
0.0
0.1664717
0.0967486
0.056703378
0.006296262
0.0
0.20045494
0.0
0.042767163
0.0
0.27229917
0.027224949
0.0
0.0
0.17101975
0.0
0.0
0.0
0.057361294
0.15817168
0.0
0.0
0.03821079
0.20332964
0.0
0.06482091
0.015448658
0.0
0.2527076
0.0
0.0
0.011190275
0.20630534
0.046315998
0.0
0.11928319
0.0
0.18246472
0.0
0.111911565
0.19853628
0.0
0.0
0.0
0.0008641854
0.0
0.08193385
0.0
0.22866906
0.0
0.15232098
0.0
0.18761624
0.104637176
0.2420618
0.0
0.0
0.008772041
0.30409044
0.0
0.15642582
0.007883799
0.0
0.0
0.0
0.1669607
0.17912596
0.10610804
0.07495752
0.0
0.0024965974
0.029572379
0.07267857
0.028796116
0.0
0.053559728
0.073541895
0.0
0.0
0.0
0.009167015
0.0
0.0
0.0
0.043272957
0.0
0.0
0.051165164
0.08642168
0.0070848214
0.0
0.0
0.024782918
0.0
0.10432224
0.04772383
0.0
0.10726438
0.0
0.0
0.03854778
0.009562224
0.0
0.0
0.0
0.041548833
0.013119741
0.0
0.0043235477
0.0
0.0040676296
0.0
0.0011125416
0.04726074
0.0
0.0
0.07465303
0.0
0.027928304
0.0
0.16242386
0.030287184
0.06032948
0.0
0.0
0.0
0.0
0.0
0.0
0.0
0.0
0.0
0.019173484
0.0
0.0
0.0
0.08992697
0.07942569
0.07186254
0.10249812
0.0
0.0
0.0
0.11849231
0.0
0.25706732
0.0
0.0
0.00940351
0.0
0.23777252
0.0
0.0
0.09009073
0.021654572
0.0
0.07593835
0.0
0.0
0.038925152
0.0
0.0
0.0
0.0
0.0
0.22474389
0.0
0.0
0.09067623
0.14379513
0.13666968
0.16141686
0.008361744
0.1491332
0.0
0.11791959
0.0
0.0
0.1789662
0.06851427
0.1401594
0.0
0.0
0.0
0.13017815
0.0
0.16379508
0.15350255
0.15940866
0.187004
0.027460534
0.111023754
0.0
0.0
0.0
0.07135278
0.057002205
0.0
0.0
0.022822712
0.0
0.051143557
0.065315135
0.0
0.0
0.15125963
0.003533448
0.14206001
0.0
0.0
0.0
0.04544529
0.0
0.0
0.020313019
0.3456488
0.093271814
0.121593356
0.024873467
0.0
0.040152084
0.04867056
0.0
0.06683642
