0.0
0.0
0.18397155
0.036662016
0.0
0.025839442
0.064815275
0.0
0.058524176
0.22600429
0.0
0.07550928
0.0
0.42842713
0.0
0.026139706
0.0
0.0
0.0
0.20234245
0.023250902
0.05226336
0.016904332
0.0
0.12827836
0.0
0.0
0.16111399
0.0
0.0
0.0
0.0
0.004973769
0.0375607
0.22745652
0.051359653
0.07888107
0.15581977
0.17022884
0.0
0.0
0.0
0.0
0.0
0.1544351
0.0
0.0
0.17137818
0.16391285
0.0
0.0
0.043752853
0.0
0.02015909
0.0
0.0
0.0
0.1318925
0.08929787
0.19053172
0.073835164
0.07249723
0.0
0.0
0.042958245
0.09497213
0.0
0.0829109
0.0
0.0
0.09334102
0.0
0.0
0.0
0.0019076224
0.011641061
0.0
0.13709143
0.07206631
0.17278476
0.1443461
0.044279702
0.0
0.0
0.20817307
0.0
0.11429542
0.0
0.06255022
0.10338679
0.16273682
0.0
0.12823199
0.04639055
0.0
0.06925797
0.09775985
0.0
0.22264369
0.10469137
0.13291058
0.09237192
0.0
0.0017471183
0.10913589
0.0
0.07810685
0.0
0.0
0.0
0.21484439
0.0
0.14776433
0.30768022
0.0
0.079534896
0.0
0.0
0.0
0.007203391
0.0
0.0
0.0
0.0036422685
0.0
0.101444766
0.122582324
0.0
0.33471283
0.0
0.10292949
0.22776523
0.10525383
0.0
0.02938007
0.0
0.04451439
0.024522074
0.2036128
0.22686438
0.110179655
0.1544202
0.05110228
0.059407264
0.14564264
0.17485876
0.0
0.013590589
0.0
0.13652524
0.0
0.0
0.13753766
0.0
0.18112426
0.0
0.0
0.0
0.0
0.18545651
0.19851907
0.0
0.06495329
0.12280893
0.00082237157
0.2495779
0.0
0.0
0.0
0.061830044
0.01090374
0.05524495
0.0
0.042852648
0.17467634
0.0
0.020715717
0.050199382
0.0
0.0
0.0
0.0
0.004252225
0.0
0.28320235
0.019585866
0.0034235837
0.056355976
0.25870767
0.0
0.092593126
0.13379449
0.050261836
0.07981681
0.17579049
0.0
0.0
0.0
0.024321916
0.0
0.20456554
0.06572249
0.31981266
0.16136208
0.0
0.08436527
0.117680855
0.25409114
0.11504695
0.048410997
0.02118931
0.22813086
0.0
0.124412686
0.032745577
0.038759902
0.072144225
0.0035886243
0.11849635
0.13163494
0.0
0.1472725
0.02135739
0.19078463
0.0
0.0
0.0
0.14723665
0.0
0.0
0.0
0.0
0.10524071
0.0
0.0
0.0
0.0
0.22482426
0.0129525885
0.15342002
0.0
0.010328389
0.0
0.0
0.0
0.0
0.0
0.0
0.06747386
0.0
0.0
0.0
0.0
0.0
0.016391719
0.0
0.17550597
0.021790754
0.0
0.0
0.0
0.09428486
0.10632832
0.0
0.076880746
0.0
0.029484132
0.04586327
0.037872877
0.16235632
0.048759192
0.07400708
0.0616467
0.11611354
0.09055533
0.101181
0.039273005
0.0
0.0
0.07149627
0.0
0.013102397
0.20687924
0.0
0.17301309
0.02472489
0.07400468
0.0
0.0
0.18191019
0.0
0.10124474
0.1059673
0.13083547
0.06751719
0.0
0.0
0.15485711
0.0
0.3111324
0.0
0.0
0.0
0.0
0.02248972
0.0
0.121526964
0.0
0.0
0.0
0.0025451072
0.0
0.0
0.0
0.15849952
0.0
0.07838633
0.047489602
0.09642328
0.0
0.04580585
0.0
0.024215411
0.0
0.13377275
0.104871206
0.024059188
0.0
0.04842736
0.117832415
0.10439599
0.2598093
0.0
0.0
0.0
0.0
0.0
0.022312343
0.070253104
0.08758757
0.0
0.029777914
0.1656013
0.01865718
0.26945654
0.0
0.0
0.029337894
0.0
0.09580536
0.0
0.08474073
0.036740772
0.0
0.035637178
0.0
0.0
0.0
0.059645716
0.0
0.0
0.0
0.11764969
0.030787565
0.008997184
0.0
0.0
0.040832765
0.053990312
0.0
0.0
0.073216856
0.0
0.07394581
0.014985045
0.0
0.0
0.16795108
0.09546156
0.055751085
0.006108788
0.0
0.20163395
0.0
0.040994927
0.0
0.27029267
0.028645813
0.0
0.0
0.17121734
0.0
0.0
0.0
0.05792444
0.15800592
0.0
0.0
0.038802378
0.20389183
0.0
0.06658617
0.01601409
0.0
0.25347242
0.0
0.0
0.013355538
0.20901488
0.046153747
0.0
0.12097476
0.0
0.18300448
0.0
0.10886823
0.1978957
0.0
0.0
0.0
0.0018309839
0.0
0.08188244
0.0
0.22786437
0.0
0.15035011
0.0
0.18577781
0.10481068
0.24444027
0.0
0.0
0.010306303
0.30290234
0.0
0.15787332
0.006337746
0.0
0.0
0.0
0.16681163
0.17759627
0.107287794
0.07598045
0.0
0.003936762
0.030931262
0.07135559
0.027983587
0.0
0.052467316
0.07364482
0.0
0.0
0.0
0.008007706
0.0
0.0
0.0
0.042728703
0.0
0.0
0.051890694
0.08555959
0.0071420306
0.0
0.0
0.024194492
0.0
0.10297959
0.045221943
0.0
0.10783681
0.0
0.0
0.036821004
0.010149042
0.0
0.0
0.0
0.041638717
0.012150509
0.0
0.003571581
0.0
0.002639223
0.0
0.001540388
0.04649222
0.0
0.0
0.07451107
0.0
0.026001113
0.0
0.16202834
0.029343853
0.06096737
0.0
0.0
0.0
0.0
0.0
0.0
0.0
0.0
0.0
0.019330055
0.0
0.0
0.0
0.087315336
0.08162584
0.07156548
0.1038547
0.0
0.0
0.0
0.11648017
0.0
0.2586455
0.0
0.0
0.00806668
0.0
0.23824304
0.0
0.0
0.08872319
0.02278867
0.0
0.075424135
0.0
0.0
0.037033517
0.0
0.0
0.0
0.0
0.0
0.22395313
0.0
0.0
0.09309343
0.14517692
0.13798638
0.16056165
0.0076081296
0.14798449
0.0
0.11634202
0.0
0.0
0.17936482
0.069577575
0.14008921
0.0
0.0
0.0
0.13123101
0.0
0.16321723
0.15154254
0.16002843
0.18837255
0.030394442
0.10871086
0.0
0.0
0.0
0.071008414
0.054544672
0.0
0.0
0.023973929
0.0
0.051920325
0.06671408
0.0
0.0
0.15051259
0.0043935226
0.14385098
0.0
0.0
0.0
0.04350098
0.0
0.0
0.023090154
0.34545496
0.09187081
0.12193178
0.026691895
0.0
0.04095398
0.051579144
0.0
0.06724274
