0.0
0.0
0.1827172
0.036815748
0.0
0.026074419
0.06478451
0.0
0.059331775
0.22586104
0.0
0.07644203
0.0
0.428123
0.0
0.027954958
0.0
0.0
0.0
0.20035885
0.022919465
0.051389292
0.015567205
0.0
0.12889785
0.0
0.0
0.16001254
0.0
0.0
0.0
0.0
0.004371997
0.037829902
0.2266953
0.050970316
0.07951188
0.15612973
0.16890208
0.0
0.0
0.0
0.0
0.0
0.15438008
0.0
0.0
0.17223635
0.16361704
0.0
0.0
0.042976655
0.0
0.020272663
0.0
0.0
0.0
0.13103364
0.08869265
0.19076574
0.072155096
0.071424656
0.0
0.0
0.042628367
0.094796926
0.0
0.08351376
0.0
0.0
0.09299204
0.0
0.0
0.0
0.0016689133
0.011544973
0.0
0.137233
0.072112575
0.17173865
0.14466293
0.044086047
0.0
0.0
0.20757358
0.0
0.113728166
0.0
0.062252186
0.10422165
0.16257037
0.0
0.12906426
0.04577538
0.0
0.070672944
0.09718781
0.0
0.22264719
0.104271196
0.13308555
0.09266338
0.0
0.0013860408
0.109790936
0.0
0.07851796
0.0
0.0
0.0
0.21582094
0.0
0.14643379
0.30766124
0.0
0.0793392
0.0
0.0
0.0
0.0071660355
0.0
0.0
0.0
0.0038963407
0.0
0.10072791
0.12257556
0.0
0.33462086
0.0
0.10401054
0.22812632
0.10425157
0.0
0.029451808
0.0
0.043862306
0.023632322
0.20411602
0.22614412
0.11034492
0.15399566
0.05076168
0.058754705
0.14611523
0.17468433
0.0
0.0136049995
0.0
0.1369065
0.0
0.0
0.1374652
0.0
0.18082681
0.0
0.0
0.0
0.0
0.18556435
0.19934052
0.0
0.06469646
0.12309164
0.000119955745
0.24922001
0.0
0.0
0.0
0.062099673
0.010567682
0.054134555
0.0
0.043129563
0.17479448
0.0
0.020270433
0.050201733
0.0
0.0
0.0
0.0
0.003525006
0.0
0.28335616
0.019546036
0.0038606962
0.057006598
0.260155
0.0
0.09310341
0.13403381
0.0499989
0.07947666
0.17522094
0.0
0.0
0.0
0.024810113
0.0
0.20449696
0.06488823
0.31972468
0.16162917
0.0
0.085489646
0.118076734
0.25344843
0.11495947
0.049559157
0.020925831
0.22824496
0.0
0.12437209
0.032697864
0.039243624
0.072882906
0.0015063398
0.119506486
0.13187245
0.0
0.14721146
0.022372298
0.19013846
0.0
0.0
0.0
0.14684421
0.0
0.0
0.0
0.0
0.10493785
0.0
0.0
0.0
0.0
0.2246442
0.012910607
0.1531882
0.0
0.009389644
0.0
0.0
0.0
0.0
0.0
0.0
0.06685697
0.0
0.0
0.0
0.0
0.0
0.016856808
0.0
0.17580417
0.021933718
0.0
0.0
0.0
0.09383862
0.1062634
0.0
0.07666955
0.0
0.029472416
0.04632876
0.037155285
0.16164134
0.04909438
0.074509285
0.062111523
0.11710621
0.0896726
0.100982234
0.03898964
0.0
0.0
0.072443694
0.0
0.012953609
0.20727839
0.0
0.17286026
0.023975838
0.073802315
0.0
0.0
0.18115611
0.0
0.10220301
0.10612534
0.13098913
0.06721278
0.0
0.0
0.15463535
0.0
0.31113926
0.0
0.0
0.0
0.0
0.022720743
0.0
0.121344544
0.0
0.0
0.0
0.0018218476
0.0
0.0
0.0
0.15988556
0.0
0.07796623
0.04637926
0.09639806
0.0
0.046037626
0.0
0.02473567
0.0
0.13439624
0.10426967
0.023339463
0.0
0.04964683
0.117766656
0.10493079
0.25943315
0.0
0.0
0.0
0.0
0.0
0.021808108
0.0695274
0.08638766
0.0
0.030734232
0.16454032
0.019882867
0.26947585
0.0
0.0
0.028690318
0.0
0.096576095
0.0
0.08504629
0.037338678
0.0
0.03506487
0.0
0.0
0.0
0.06012831
0.0
0.0
0.0
0.11665923
0.031995337
0.009771552
0.0
0.0
0.03992868
0.053124767
0.0
0.0
0.07297007
0.0
0.07364438
0.014774313
0.0
0.0
0.1669555
0.096035905
0.056189902
0.006202913
0.0
0.20100865
0.0
0.041696228
0.0
0.2714044
0.027696874
0.0
0.0
0.17103481
0.0
0.0
0.0
0.05761027
0.15829335
0.0
0.0
0.0385705
0.20361389
0.0
0.0657436
0.01580155
0.0
0.2530478
0.0
0.0
0.012341746
0.20752957
0.046054345
0.0
0.120078675
0.0
0.18271957
0.0
0.11032098
0.19810157
0.0
0.0
0.0
0.0013197903
0.0
0.08187508
0.0
0.2284267
0.0
0.15156558
0.0
0.18672138
0.104714125
0.2433288
0.0
0.0
0.009730943
0.30336198
0.0
0.15728228
0.0070178835
0.0
0.0
0.0
0.16690731
0.17842196
0.106922194
0.075567596
0.0
0.0029925322
0.030238986
0.07201669
0.02827336
0.0
0.053061195
0.073735535
0.0
0.0
0.0
0.008540409
0.0
0.0
0.0
0.043165386
0.0
0.0
0.051645383
0.08601469
0.0071773697
0.0
0.0
0.024390362
0.0
0.103744015
0.04643402
0.0
0.107556626
0.0
0.0
0.037525665
0.009879839
0.0
0.0
0.0
0.041541122
0.012575097
0.0
0.0040332973
0.0
0.0033168197
0.0
0.0014439858
0.046888873
0.0
0.0
0.07454905
0.0
0.027131943
0.0
0.16202004
0.029916987
0.060655266
0.0
0.0
0.0
0.0
0.0
0.0
0.0
0.0
0.0
0.019286668
0.0
0.0
0.0
0.088787675
0.08072241
0.07182099
0.10309563
0.0
0.0
0.0
0.117569745
0.0
0.25779969
0.0
0.0
0.008509142
0.0
0.23783341
0.0
0.0
0.08955845
0.022317532
0.0
0.07596543
0.0
0.0
0.03821948
0.0
0.0
0.0
0.0
0.0
0.22411582
0.0
0.0
0.0916424
0.14443645
0.13754901
0.16106436
0.007950548
0.14829692
0.0
0.117298454
0.0
0.0
0.17932001
0.06897522
0.13982321
0.0
0.0
0.0
0.13065174
0.0
0.16348691
0.15244867
0.15967569
0.18773563
0.02896677
0.10992242
0.0
0.0
0.0
0.071219854
0.05564696
0.0
0.0
0.02334632
0.0
0.051632334
0.06614791
0.0
0.0
0.15095897
0.0040967455
0.14298756
0.0
0.0
0.0
0.04466546
0.0
0.0
0.021606373
0.34523797
0.092505895
0.121801406
0.025701893
0.0
0.04034631
0.050061043
0.0
0.06726089
