0.0
0.0
0.1880671
0.03526268
0.0
0.027247429
0.06409168
0.0
0.057089712
0.22599396
0.0
0.07509014
0.0
0.42949072
0.0
0.024658982
0.0
0.0
0.0
0.20563748
0.023701966
0.053355284
0.018347776
0.0
0.12677553
0.0
0.0
0.16287158
0.0
0.0
0.0
0.0
0.0056434013
0.037061006
0.22883102
0.051488157
0.0772276
0.15677328
0.17201799
0.0
0.0011975728
0.0
0.0
0.0
0.15448652
0.0
0.0
0.17110358
0.16439503
0.0
0.0
0.044939555
0.0
0.01991414
0.0
0.0
0.0
0.1323002
0.09080063
0.19044451
0.07720757
0.072946325
0.0
0.0
0.042726275
0.095748916
0.0
0.081944786
0.0
0.0
0.093205355
0.0
0.0
0.0
0.0027761199
0.0116001
0.0
0.13661887
0.072371274
0.1737536
0.14505467
0.04427727
0.0
0.0
0.21204892
0.0
0.11345329
0.0
0.062826894
0.10157671
0.16275841
0.0
0.12632985
0.046379484
0.0
0.066139966
0.09761578
0.0
0.22263877
0.10557714
0.13379654
0.09306361
0.0
0.0017528478
0.10769058
0.0
0.07789137
0.0
0.0
0.0
0.21291634
0.0
0.14935888
0.30622366
0.0
0.07865191
0.0
0.0
0.0
0.008533947
0.0
0.0
0.0
0.0038191732
0.0
0.102976955
0.1222553
0.0
0.3352623
0.0
0.10208778
0.22659469
0.10521433
0.0
0.028885653
0.0
0.045400113
0.025980923
0.20177324
0.22827016
0.11034487
0.15458724
0.04986769
0.061775148
0.14496247
0.1751134
0.0
0.013431849
0.0
0.13682833
0.0
0.0
0.13694909
0.0
0.18204181
0.0
0.0
0.0
0.0
0.18703218
0.19704491
0.0
0.06539088
0.12118955
0.003423747
0.24917854
0.0
0.0
0.0
0.06074561
0.011545476
0.057101466
0.0
0.04205051
0.17545258
0.0
0.022426039
0.051126584
0.0
0.0
0.0
0.0
0.0052686147
0.0
0.2838388
0.019398917
0.0021752948
0.05502466
0.2572086
0.0
0.09291702
0.1331942
0.050803777
0.07980429
0.17659748
0.0
0.0
0.0
0.02488345
0.0
0.20541036
0.06735936
0.31902546
0.16226125
0.0
0.082116246
0.11610246
0.25508073
0.11535105
0.047342576
0.022046693
0.22950917
0.0
0.12417877
0.032987364
0.037057497
0.071927115
0.0055268407
0.11583295
0.13206358
0.0
0.14795168
0.019262427
0.19073464
0.0
0.0
0.0
0.14875273
0.0
0.0
0.0
0.0
0.10655622
0.0
0.0
0.0
0.0
0.22440505
0.014629768
0.15494968
0.0
0.012583042
0.0
0.0
0.0
0.0
0.0
0.0
0.0681858
0.0
0.0
0.0
0.0
0.0
0.014530266
0.0
0.1753997
0.02144194
0.0
0.0
0.0
0.09564909
0.10649379
0.0
0.078280926
0.0
0.028857725
0.044825356
0.039614003
0.16297962
0.04855996
0.073162414
0.06116233
0.11460845
0.09214806
0.100190245
0.03966872
0.0
0.0
0.07094291
0.0
0.012574347
0.20437172
0.0
0.1736314
0.02537032
0.073378764
0.0
0.0
0.18289576
0.0
0.09961905
0.107115656
0.13042721
0.068890736
0.0
0.0
0.15554965
0.0
0.31099132
0.0
0.0
0.0
0.0
0.023114027
0.0
0.12239763
0.0
0.0
0.0
0.004798189
0.0
0.0
0.0
0.1576155
0.0
0.07851208
0.04961433
0.095944166
0.0
0.04490592
0.0
0.022529202
0.0
0.13185464
0.104590945
0.023953723
0.0
0.04549859
0.11765777
0.10194564
0.2606861
0.0
0.0
0.0
0.0
0.0
0.023448003
0.07174896
0.088796854
0.0
0.02861031
0.16741453
0.016757231
0.26904356
0.0
0.0
0.02969354
0.0
0.09436277
0.0
0.08392522
0.035649914
0.0
0.035430174
0.0
0.0
0.0
0.058348544
0.0
0.0
0.0
0.11872584
0.030053664
0.00723709
0.0
0.0
0.04216027
0.055919953
0.0
0.0
0.0732428
0.0
0.0740719
0.014240213
0.0
0.0
0.16913925
0.093602896
0.055040233
0.0070988815
0.0
0.20262532
0.0
0.039100423
0.0
0.26765755
0.029400513
0.0
0.0
0.17167272
0.0
0.0
0.0
0.057667587
0.15821755
0.0
0.0
0.040155854
0.20355776
0.0
0.06796335
0.015488867
0.0
0.25422794
0.0
0.0
0.015934303
0.21099527
0.044422977
0.0
0.12253954
0.0
0.18391486
0.0
0.105583996
0.19722635
0.0
0.0
0.0
0.003424054
0.0
0.08316962
0.0
0.2278662
0.0
0.14997366
0.0
0.18311515
0.10556846
0.24563934
0.0
0.0
0.0116634015
0.3016362
0.0
0.15775508
0.003646628
0.0
0.0
0.0
0.16611066
0.17673433
0.109528966
0.07659274
0.0
0.0042764964
0.0322293
0.07047938
0.027310088
0.0
0.05180537
0.074101284
0.0
0.0
0.0
0.0080217505
0.0
0.0
0.0
0.042218767
0.0
0.0
0.0531747
0.085591994
0.007060281
0.0
0.0
0.022688037
0.0
0.10194871
0.043924943
0.0
0.109371796
0.0
0.0
0.03479623
0.009840481
0.0
0.0
0.0
0.04233142
0.010823096
0.0
0.0033679586
0.0
0.0014209468
0.0
0.0027738353
0.045060236
0.0
0.0
0.074177295
0.0
0.025452942
0.0
0.15986156
0.029772993
0.06153018
0.0
0.0
0.0
0.0
0.0
0.0
0.0
0.0
0.0
0.019426914
0.0
0.0
0.0
0.085317776
0.08368578
0.07203663
0.103498094
0.0
0.0
0.0
0.11570393
0.0
0.25883976
0.0
0.0
0.0056582866
0.0
0.23877467
0.0
0.0
0.08766639
0.024014115
0.0
0.07612221
0.0
0.0
0.035999
0.0
0.0
0.0
0.0
0.0
0.22307114
0.0
0.0
0.094837695
0.14684197
0.13902076
0.1599746
0.006688677
0.14565668
0.0
0.11591048
0.0
0.0
0.17996052
0.0701789
0.13844027
0.0
0.0
0.0
0.1336495
0.0
0.1626301
0.14883365
0.16064431
0.19007339
0.032682747
0.106724635
0.0
0.0
0.0
0.07076749
0.052033883
0.0
0.0
0.02423006
0.0
0.052975662
0.06870062
0.0
0.0
0.14862779
0.0071132435
0.14536364
0.0
0.0
0.0
0.04182846
0.0
0.0
0.02438341
0.34379935
0.090274654
0.12162041
0.028636405
0.0
0.03941825
0.053418383
0.0
0.06778796
