0.0
0.0
0.18506506
0.03732014
0.0
0.028058184
0.06404695
0.0
0.059098076
0.22544321
0.0
0.07724641
0.0
0.43010458
0.0
0.027268887
0.0
0.0
0.0
0.2009619
0.023228254
0.049695272
0.01496725
0.0
0.12851132
0.0
0.0
0.16056411
0.0
0.0
0.0
0.0
0.00438888
0.038051374
0.22658794
0.04947924
0.07899622
0.15722728
0.16962335
0.0
0.0
0.0
0.0
0.0
0.15503693
0.0
0.0
0.17436688
0.1641224
0.0
0.0
0.0427507
0.0
0.019327339
0.0
0.0
0.0
0.1299417
0.08813356
0.19147536
0.07473166
0.06952652
0.0
0.0
0.04235858
0.094848916
0.0
0.08365625
0.0
0.0
0.09182373
0.0
0.0
0.0
0.003059512
0.011568127
0.0
0.13742152
0.07172273
0.17260559
0.145516
0.043848354
0.0
0.0
0.21005955
0.0
0.11130376
0.0
0.06316568
0.10414222
0.16251847
0.0
0.1268377
0.04460323
0.0
0.069584444
0.09711571
0.0
0.22187567
0.10508933
0.13281322
0.092796266
0.0
0.0020220429
0.11008028
0.0
0.07929224
0.0
0.0
0.0
0.21540534
0.0
0.1458029
0.30710143
0.0
0.07842242
0.0
0.0
0.0
0.008640628
0.0
0.0
0.0
0.002738933
0.0
0.100246005
0.12252064
0.0
0.33376962
0.0
0.102736734
0.22784628
0.102506384
0.0
0.030299861
0.0
0.044073086
0.023071095
0.2043578
0.22693504
0.10940257
0.15383334
0.050074525
0.05975666
0.144837
0.174104
0.0
0.013844267
0.0
0.13748303
0.0
0.0
0.13717243
0.0
0.18145151
0.0
0.0
0.0
0.0
0.18781485
0.19929324
0.0
0.06660174
0.121577375
0.0011568831
0.24772361
0.0
0.0
0.0
0.05998709
0.011742909
0.053536855
0.0
0.042609315
0.17580885
0.0
0.020917363
0.050970647
0.0
0.0
0.0
0.0
0.003960578
0.0
0.28394422
0.01843733
0.003398222
0.0572621
0.26059544
0.0
0.093321234
0.13428375
0.050216433
0.07904357
0.17423505
0.0
0.0
0.0
0.02626715
0.0
0.20494966
0.06482583
0.3204023
0.16294149
0.0
0.084085226
0.11729668
0.2537526
0.11473118
0.049563125
0.021467581
0.22976597
0.0
0.12370024
0.032584865
0.0381944
0.07409038
0.0
0.1177268
0.13243212
0.0
0.14795113
0.021781053
0.19025913
0.0
0.0
0.0
0.14689082
0.0
0.0
0.0
0.0
0.106235005
0.0
0.0
0.0
0.0
0.22339524
0.014363886
0.15406397
0.0
0.011006472
0.0
0.0
0.0
0.0
0.0
0.0
0.0669276
0.0
0.0
0.0
0.0
0.0
0.017114341
0.0
0.17648706
0.021320326
0.0
0.0
0.0
0.09601883
0.10608908
0.0
0.077481955
0.0
0.029575821
0.045554888
0.03738658
0.161172
0.050034266
0.07413331
0.062129095
0.117239065
0.089590475
0.09931515
0.03776181
0.0
0.0
0.07276798
0.0
0.013097199
0.20560177
0.0
0.17265931
0.025279813
0.07343402
0.0
0.0
0.18104973
0.0
0.10126348
0.107049815
0.13122159
0.0682293
0.0
0.0
0.15437514
0.0
0.31041965
0.0
0.0
0.0
0.0
0.023241546
0.0
0.12062072
0.0
0.0
0.0
0.0039797723
0.0
0.0
0.0
0.15957418
0.0
0.07753166
0.046898685
0.096810386
0.0
0.045893915
0.0
0.023202557
0.0
0.13436845
0.10406798
0.022406287
0.0
0.047542494
0.11859352
0.103639945
0.25993204
0.0
0.0
0.0
0.0
0.0
0.022808172
0.070965245
0.08713433
0.0
0.030308362
0.16627003
0.018314295
0.26832905
0.0
0.0
0.029524915
0.0
0.095655024
0.0
0.08540361
0.036979288
0.0
0.033861857
0.0
0.0
0.0
0.05966139
0.0
0.0
0.0
0.11644906
0.031983405
0.008146824
0.0
0.0
0.04022854
0.05424573
0.0
0.0
0.07238658
0.0
0.073259994
0.014926396
0.0
0.0
0.16790946
0.095284805
0.055523526
0.0077787368
0.0
0.2017638
0.0
0.04165258
0.0
0.26993877
0.028474469
0.0
0.0
0.17155722
0.0
0.0
0.0
0.057518013
0.15722382
0.0
0.0
0.03904821
0.20295022
0.0
0.06716415
0.016359061
0.0
0.2533848
0.0
0.0
0.013349846
0.20863616
0.045506097
0.0
0.1199564
0.0
0.18428394
0.0
0.10914265
0.19723047
0.0
0.0
0.0
0.0016961237
0.0
0.083894625
0.0
0.22906725
0.0
0.15155473
0.0
0.18621339
0.10534584
0.24333046
0.0
0.0
0.00988018
0.30341274
0.0
0.15767187
0.0061802957
0.0
0.0
0.0
0.16644819
0.17819801
0.108913414
0.07583955
0.0
0.0032765614
0.0320891
0.071383804
0.025994789
0.0
0.053207412
0.07441367
0.0
0.0
0.0
0.008669929
0.0
0.0
0.0
0.04293022
0.0
0.0
0.05116755
0.08648259
0.005718638
0.0
0.0
0.023038067
0.0
0.10422561
0.045642745
0.0
0.10799055
0.0
0.0
0.037778307
0.008308347
0.0
0.0
0.0
0.042546913
0.011938678
0.0
0.0041522644
0.0
0.003483871
0.0
0.0029132077
0.046343483
0.0
0.0
0.073721565
0.0
0.027963273
0.0
0.16183816
0.03182488
0.06051077
0.0
0.0
0.0
0.0
0.0
0.0
0.0
0.0
0.0
0.018722294
0.0
0.0
0.0
0.090238295
0.08176035
0.07148807
0.101764336
0.0
0.0
0.0
0.11899987
0.0
0.25724685
0.0
0.0
0.0066523463
0.0
0.2374019
0.0
0.0
0.0900726
0.024500703
0.0
0.076642536
0.0
0.0
0.03807897
0.0
0.0
0.0
0.0
0.0
0.22382945
0.0
0.0
0.092812136
0.14657089
0.13882543
0.1605797
0.0087955855
0.14690673
0.0
0.11756414
0.0
0.0
0.17932753
0.06881178
0.13865936
0.0
0.0
0.0
0.1312439
0.0
0.16474935
0.1514303
0.15971677
0.18834929
0.027958699
0.10998887
0.0
0.0
0.0
0.07131678
0.05495119
0.0
0.0
0.023178866
0.0
0.050942242
0.067993164
0.0
0.0
0.15019116
0.0055455323
0.14278264
0.0
0.0
0.0
0.04361116
0.0
0.0
0.020153567
0.3445584
0.0920982
0.122167155
0.02711403
0.0
0.03847564
0.049906276
0.0
0.06714216
