0.0
0.0
0.18497722
0.036268443
0.0
0.026648946
0.064460926
0.0
0.058450587
0.22588184
0.0
0.07584932
0.0
0.4289478
0.0
0.026260586
0.0
0.0
0.0
0.20252159
0.02330176
0.05180669
0.016474443
0.0
0.1281314
0.0
0.0
0.16134672
0.0
0.0
0.0
0.0
0.0049934164
0.037556823
0.22737354
0.051017955
0.078814566
0.15639111
0.17016985
0.0
0.0
0.0
0.0
0.0
0.15451741
0.0
0.0
0.17216924
0.16407041
0.0
0.0
0.0437213
0.0
0.020050548
0.0
0.0
0.0
0.13139124
0.089494206
0.19071853
0.07445198
0.07187989
0.0
0.0
0.042583633
0.09515196
0.0
0.08296514
0.0
0.0
0.092991814
0.0
0.0
0.0
0.0022248253
0.0115070315
0.0
0.13700208
0.0721947
0.17273137
0.14498514
0.044204805
0.0
0.0
0.2094079
0.0
0.11336539
0.0
0.06255469
0.103298984
0.16265643
0.0
0.12762251
0.04590298
0.0
0.06884868
0.097552374
0.0
0.22247949
0.105003305
0.13322043
0.09276026
0.0
0.0018335469
0.10908418
0.0
0.07839653
0.0
0.0
0.0
0.21456322
0.0
0.14740317
0.30704364
0.0
0.07906919
0.0
0.0
0.0
0.0076934956
0.0
0.0
0.0
0.003698891
0.0
0.101527594
0.12239118
0.0
0.3346354
0.0
0.102951035
0.2273782
0.10451961
0.0
0.029369764
0.0
0.044752523
0.024521751
0.20330691
0.22711751
0.11002542
0.1542183
0.050427817
0.059889797
0.14563048
0.17487144
0.0
0.013657801
0.0
0.1368727
0.0
0.0
0.13722667
0.0
0.18132225
0.0
0.0
0.0
0.0
0.1862556
0.19869521
0.0
0.06523787
0.12215284
0.0014216618
0.24910294
0.0
0.0
0.0
0.061304685
0.011124991
0.055186637
0.0
0.04259897
0.17499322
0.0
0.021045798
0.050636895
0.0
0.0
0.0
0.0
0.004319027
0.0
0.28332612
0.019355878
0.0030733729
0.056160465
0.25890654
0.0
0.09305266
0.13381621
0.050478186
0.079729035
0.17570126
0.0
0.0
0.0
0.02494149
0.0
0.2049296
0.065878965
0.3196506
0.16211973
0.0
0.08397421
0.117138036
0.2541876
0.11502868
0.048639007
0.02142134
0.22886284
0.0
0.12430752
0.03284232
0.038161635
0.07264476
0.0028925138
0.117887475
0.13192084
0.0
0.14748675
0.021057421
0.19055717
0.0
0.0
0.0
0.14743787
0.0
0.0
0.0
0.0
0.105821185
0.0
0.0
0.0
0.0
0.22432907
0.013754285
0.15387307
0.0
0.01091746
0.0
0.0
0.0
0.0
0.0
0.0
0.067321196
0.0
0.0
0.0
0.0
0.0
0.016158367
0.0
0.17572547
0.021620471
0.0
0.0
0.0
0.0948986
0.106219575
0.0
0.07726626
0.0
0.029352343
0.045608867
0.037891358
0.16224638
0.049112055
0.073893845
0.061649814
0.11608512
0.0905581
0.10060719
0.038951006
0.0
0.0
0.07177375
0.0
0.012912765
0.20609689
0.0
0.17301854
0.024818152
0.07359422
0.0
0.0
0.18183637
0.0
0.10115006
0.106433794
0.13085014
0.067988716
0.0
0.0
0.15486717
0.0
0.3108671
0.0
0.0
0.0
0.0
0.022922922
0.0
0.12153367
0.0
0.0
0.0
0.0033837203
0.0
0.0
0.0
0.15887783
0.0
0.078143716
0.047757093
0.09642486
0.0
0.04571571
0.0
0.023780342
0.0
0.13359505
0.1044391
0.023464981
0.0
0.047877688
0.11786138
0.103617445
0.25988293
0.0
0.0
0.0
0.0
0.0
0.02247882
0.070516795
0.087682664
0.0
0.029785288
0.16596866
0.018302627
0.26913586
0.0
0.0
0.029236704
0.0
0.09552999
0.0
0.084798545
0.036605358
0.0
0.03510369
0.0
0.0
0.0
0.059411503
0.0
0.0
0.0
0.11759444
0.031085907
0.008522277
0.0
0.0
0.040940676
0.054281265
0.0
0.0
0.07296224
0.0
0.07387201
0.014699408
0.0
0.0
0.16811286
0.09496032
0.055653375
0.0067496477
0.0
0.20187499
0.0
0.04080607
0.0
0.2696578
0.028664611
0.0
0.0
0.1714214
0.0
0.0
0.0
0.057743784
0.15794033
0.0
0.0
0.039225146
0.2035247
0.0
0.06678933
0.015715363
0.0
0.25364342
0.0
0.0
0.01385929
0.20919521
0.045462586
0.0
0.12099909
0.0
0.1835168
0.0
0.10831366
0.19774166
0.0
0.0
0.0
0.0021644942
0.0
0.0826776
0.0
0.22822812
0.0
0.1507546
0.0
0.18515234
0.10522535
0.24410236
0.0
0.0
0.010364799
0.3027749
0.0
0.15741172
0.005678422
0.0
0.0
0.0
0.16660796
0.17763418
0.10805369
0.07585769
0.0
0.003701198
0.031278923
0.07129438
0.027678315
0.0
0.05247599
0.07389921
0.0
0.0
0.0
0.008345696
0.0
0.0
0.0
0.042678237
0.0
0.0
0.052126955
0.085941
0.006847403
0.0
0.0
0.023642875
0.0
0.103006706
0.045329534
0.0
0.10828802
0.0
0.0
0.03663081
0.009707021
0.0
0.0
0.0
0.042010695
0.0118370205
0.0
0.0036873836
0.0
0.0025931243
0.0
0.0020610606
0.046131816
0.0
0.0
0.07433946
0.0
0.026460903
0.0
0.16135576
0.030021818
0.06099112
0.0
0.0
0.0
0.0
0.0
0.0
0.0
0.0
0.0
0.019174607
0.0
0.0
0.0
0.08753066
0.08189199
0.07170795
0.1031002
0.0
0.0
0.0
0.11704353
0.0
0.2581498
0.0
0.0
0.007218632
0.0
0.23818582
0.0
0.0
0.08879958
0.023248393
0.0
0.07584799
0.0
0.0
0.037182126
0.0
0.0
0.0
0.0
0.0
0.22384247
0.0
0.0
0.0933284
0.14567026
0.13818346
0.16051476
0.00759021
0.14727807
0.0
0.116700456
0.0
0.0
0.17939055
0.069473065
0.13929386
0.0
0.0
0.0
0.13189694
0.0
0.16335356
0.1509704
0.1601173
0.18881153
0.030153524
0.10862374
0.0
0.0
0.0
0.0710062
0.0542491
0.0
0.0
0.023728203
0.0
0.051912803
0.06731565
0.0
0.0
0.14990962
0.0053856
0.14383623
0.0
0.0
0.0
0.043185785
0.0
0.0
0.022488914
0.34487563
0.0916276
0.121739276
0.027170712
0.0
0.03992115
0.051403232
0.0
0.067293674
