0.0
0.0
0.1835933
0.0363716
0.0
0.02596953
0.064698346
0.0
0.058913182
0.22592562
0.0
0.07586209
0.0
0.4283771
0.0
0.026780859
0.0
0.0
0.0
0.20142744
0.023092829
0.05169434
0.01592679
0.0
0.12865058
0.0
0.0
0.16080345
0.0
0.0
0.0
0.0
0.004749518
0.03762074
0.22693875
0.05128758
0.07955778
0.15602194
0.16922037
0.0
0.0
0.0
0.0
0.0
0.15435389
0.0
0.0
0.1720239
0.16399704
0.0
0.0
0.043467246
0.0
0.020344421
0.0
0.0
0.0
0.13140506
0.089163296
0.19073378
0.07298664
0.07208953
0.0
0.0
0.04248804
0.09504833
0.0
0.08313267
0.0
0.0
0.09320843
0.0
0.0
0.0
0.00180443
0.011452277
0.0
0.13708556
0.07225146
0.17229529
0.14490494
0.044182803
0.0
0.0
0.20817137
0.0
0.113883376
0.0
0.06210335
0.10383001
0.16266352
0.0
0.1285376
0.046000317
0.0
0.06995436
0.09746302
0.0
0.22254959
0.104615435
0.13311686
0.09266434
0.0
0.0018268898
0.10939565
0.0
0.07839643
0.0
0.0
0.0
0.21511798
0.0
0.14696178
0.3073816
0.0
0.07940331
0.0
0.0
0.0
0.0071445145
0.0
0.0
0.0
0.0039465204
0.0
0.101275615
0.12230475
0.0
0.33470058
0.0
0.103570946
0.227747
0.104703546
0.0
0.029256515
0.0
0.044632338
0.02424566
0.20363583
0.22661619
0.11026741
0.15401892
0.05064044
0.05906747
0.14634657
0.17502488
0.0
0.013798976
0.0
0.13687688
0.0
0.0
0.13739562
0.0
0.18100744
0.0
0.0
0.0
0.0
0.18543078
0.19924247
0.0
0.064649045
0.12267043
0.0006296332
0.2494224
0.0
0.0
0.0
0.062015638
0.010714116
0.054753106
0.0
0.042862788
0.17453368
0.0
0.020507947
0.05034369
0.0
0.0
0.0
0.0
0.0039725015
0.0
0.28287026
0.019602159
0.0034761243
0.056351416
0.2592204
0.0
0.0931661
0.13400596
0.050369225
0.07985755
0.17567426
0.0
0.0
0.0
0.024722308
0.0
0.20463642
0.06556366
0.3196976
0.16182524
0.0
0.08476155
0.11756271
0.25394642
0.114993244
0.049134865
0.021100702
0.2283932
0.0
0.124516
0.03279233
0.0386553
0.07270843
0.0025091227
0.11894677
0.13183892
0.0
0.14720225
0.02170547
0.19043097
0.0
0.0
0.0
0.14699781
0.0
0.0
0.0
0.0
0.10537051
0.0
0.0
0.0
0.0
0.22458063
0.013334161
0.15327594
0.0
0.010068291
0.0
0.0
0.0
0.0
0.0
0.0
0.0670324
0.0
0.0
0.0
0.0
0.0
0.016657317
0.0
0.17555669
0.02179272
0.0
0.0
0.0
0.0941647
0.106070414
0.0
0.076742046
0.0
0.029418398
0.046084147
0.037285704
0.16205408
0.049157336
0.074167594
0.06182979
0.11635482
0.09001024
0.10112859
0.038853947
0.0
0.0
0.07191093
0.0
0.013097949
0.20697577
0.0
0.1727354
0.024338014
0.073612526
0.0
0.0
0.18151328
0.0
0.10201201
0.105939634
0.13099629
0.06763777
0.0
0.0
0.15479857
0.0
0.31100738
0.0
0.0
0.0
0.0
0.022820149
0.0
0.12138888
0.0
0.0
0.0
0.0026229694
0.0
0.0
0.0
0.1594131
0.0
0.078109324
0.0470787
0.09642675
0.0
0.04602363
0.0
0.024564886
0.0
0.13418242
0.10438268
0.023503067
0.0
0.049177438
0.11771735
0.10427578
0.25957772
0.0
0.0
0.0
0.0
0.0
0.021805266
0.06970809
0.08721461
0.0
0.030278083
0.16514006
0.019063152
0.26932573
0.0
0.0
0.028837524
0.0
0.09615466
0.0
0.08501436
0.03706159
0.0
0.035281193
0.0
0.0
0.0
0.059831243
0.0
0.0
0.0
0.11739744
0.031432703
0.009270924
0.0
0.0
0.040509455
0.05349531
0.0
0.0
0.0730591
0.0
0.0739232
0.0147479465
0.0
0.0
0.16766652
0.09549944
0.056035843
0.006353325
0.0
0.20142522
0.0
0.041441113
0.0
0.27048284
0.028281773
0.0
0.0
0.17125621
0.0
0.0
0.0
0.05768715
0.15805933
0.0
0.0
0.038874444
0.20362239
0.0
0.06607061
0.01551443
0.0
0.25337428
0.0
0.0
0.013029724
0.20844454
0.045856036
0.0
0.12066456
0.0
0.18300831
0.0
0.10941412
0.19818811
0.0
0.0
0.0
0.0018369984
0.0
0.08218694
0.0
0.22811675
0.0
0.15104142
0.0
0.18578105
0.10499022
0.24354261
0.0
0.0
0.009827569
0.30311796
0.0
0.15702632
0.0064524896
0.0
0.0
0.0
0.16678183
0.17799392
0.10717594
0.07552121
0.0
0.0034464896
0.03057355
0.07171766
0.028402371
0.0
0.052632205
0.073617645
0.0
0.0
0.0
0.008567825
0.0
0.0
0.0
0.04281418
0.0
0.0
0.051918056
0.08595982
0.007116561
0.0
0.0
0.024203487
0.0
0.103147395
0.046041843
0.0
0.1080136
0.0
0.0
0.03715256
0.009911321
0.0
0.0
0.0
0.041773893
0.01230501
0.0
0.0037591755
0.0
0.0029291138
0.0
0.0015134434
0.046447895
0.0
0.0
0.074570276
0.0
0.026572147
0.0
0.1617236
0.029732144
0.06084668
0.0
0.0
0.0
0.0
0.0
0.0
0.0
0.0
0.0
0.019235507
0.0
0.0
0.0
0.08779114
0.080961645
0.07171329
0.10326915
0.0
0.0
0.0
0.11710293
0.0
0.25799018
0.0
0.0
0.008187656
0.0
0.23822407
0.0
0.0
0.08895956
0.022486592
0.0
0.07558974
0.0
0.0
0.037533082
0.0
0.0
0.0
0.0
0.0
0.22419107
0.0
0.0
0.092641026
0.14488745
0.13744907
0.16075405
0.007627081
0.14807485
0.0
0.116871394
0.0
0.0
0.17918833
0.06926931
0.13988884
0.0
0.0
0.0
0.13139884
0.0
0.16325048
0.15179841
0.15999669
0.18825562
0.02964085
0.10915361
0.0
0.0
0.0
0.07109219
0.05507081
0.0
0.0
0.0235662
0.0
0.051800888
0.06643686
0.0
0.0
0.15030004
0.0046059825
0.1434081
0.0
0.0
0.0
0.04375212
0.0
0.0
0.022262791
0.34532863
0.09211747
0.1216445
0.026477946
0.0
0.040367365
0.050789826
0.0
0.06707288
