0.58217907
3.873444
4.248717
0.8064374
0.5271646
1.1542562
4.28822
0.24842347
1.2749319
4.485807
0.0
2.1861439
0.38391265
4.442479
1.4575268
3.9889607
3.6370683
1.5461133
14.756074
4.268508
4.2242894
1.0043081
1.0402497
0.0
4.4915795
1.7687353
0.0
3.9226446
1.9925579
0.0
0.8070848
0.40190428
3.820725
4.2597623
3.953384
1.858449
3.7770848
2.9238257
4.246668
1.1328936
3.7101274
14.174263
0.69768685
0.2880301
4.107637
2.7152755
1.2953007
4.1561003
4.318053
1.5127351
1.6221409
0.08094975
1.6208601
4.1377463
3.2690728
1.7345958
0.9090523
4.4219437
3.4198213
2.152161
4.302232
4.187423
0.75632
1.8272445
1.6946505
2.897688
0.0
4.060062
1.3963989
0.73600906
3.95344
0.69641876
0.0
0.0
0.3365625
1.0719045
1.1501606
2.2732167
4.0361032
4.3029776
4.26346
1.0940957
14.517303
5.9634395
1.3004932
1.6203692
4.322157
1.5092422
4.2564144
4.1708083
4.437172
1.4039489
4.3361287
1.8254455
0.5297937
3.9488432
4.136173
3.6062899
2.7036047
3.4802654
3.632049
4.0837355
1.1241386
0.6287946
3.9382386
1.9093235
3.9742863
0.5213582
0.0
0.6665338
2.9328432
1.4731421
4.2168097
4.5378304
1.4097571
4.2571373
1.740028
0.65587723
1.2107208
3.6791232
0.44900182
1.0967581
0.0
3.6455028
0.0
4.3127513
2.388732
1.28129
4.592189
1.8991725
4.032742
4.4547696
3.9101522
0.0
0.7262644
1.4946389
3.751069
3.7399788
3.802355
4.237211
1.6554008
4.2006607
4.0820627
1.7482283
4.1864476
3.882636
0.099550605
3.5120802
2.5382462
2.935024
3.653155
0.9547304
4.3535786
2.679593
4.339335
0.0
0.39766175
1.841048
1.0413665
4.195943
4.4285464
1.929887
0.7603354
1.339535
0.46233422
4.2616553
0.955721
0.631627
0.7110503
3.898421
4.246472
0.9568673
0.86353993
1.533043
1.7050127
0.0
0.61234665
4.0314384
3.450499
1.2287416
0.61092186
0.39001504
3.769839
0.46649644
4.226399
3.554175
1.0505552
2.0789585
4.5146003
0.6931325
4.2726073
2.2359846
0.7838773
4.0887165
4.1980186
0.742246
0.92647624
0.0
2.2713034
0.9648717
4.146285
1.2536587
3.1614432
4.219392
0.80695397
3.907956
2.5552623
4.5647874
4.230868
4.035581
3.7953393
3.8239043
0.5028974
3.9472854
3.9708211
1.1615353
3.4224093
0.36308932
3.118772
4.08886
1.0315765
1.2392372
1.9589864
4.0894885
0.18147705
1.5304434
0.2596099
1.6765267
0.8050607
0.0
0.5219482
1.1047426
4.661911
1.5029608
1.616166
1.1233552
0.0
3.8312483
1.9591442
4.1324997
0.0
1.3125802
0.0
3.7024856
0.7229765
1.0455135
0.0
4.099544
3.8155231
2.437496
0.0
3.984279
0.7310422
0.5522145
0.98385096
0.75641674
4.2600102
0.48150843
1.1679891
0.8241487
2.0506513
1.0001261
1.259455
1.4837735
4.105515
0.0
4.1124334
0.7192359
1.7496923
3.0915275
3.5165021
4.1641784
2.6148353
4.201159
4.086986
0.97173434
1.8501325
1.3764321
0.31975585
2.8972414
0.57859546
4.1017475
4.283772
0.51392156
4.3663836
1.2683524
1.472581
0.614991
0.5034127
4.411952
1.6169643
3.8904905
4.079793
4.263908
1.1590283
1.2192415
0.7994751
3.1230614
3.4229474
4.3267756
0.0
0.97074556
0.0
1.0823808
2.5480106
0.77180153
1.4362819
0.5534633
0.0
0.9646013
3.9241161
4.0652437
1.3211488
0.6464323
4.468288
1.344921
4.222005
3.951431
3.0668795
0.8133461
4.003871
0.7826199
0.93562436
0.0
4.2449684
3.9788566
3.8695211
0.83970296
3.9415643
4.3840985
3.9929662
3.1728263
0.58001715
0.0
0.0
0.47563848
0.4344681
1.6904274
0.76117015
4.2569623
1.5416496
3.3859193
4.0130157
3.2190585
4.549692
3.579958
3.861846
3.336228
0.0
3.0493279
0.49031338
3.890831
2.4425542
0.0
3.6640513
0.8468213
0.0
1.0136046
1.0521542
0.9804353
0.6943663
4.231664
3.9469898
0.65081376
3.9824245
1.3148068
0.48694345
1.9159615
1.276597
0.85515356
0.5738435
1.5602195
0.63800484
2.5155602
1.3280447
4.71849
1.0638195
2.784939
1.2905774
3.8031383
2.6310954
0.0
4.31343
0.0
2.890944
0.6397573
4.2893333
0.6186093
0.7886138
0.11735596
3.633936
1.061426
4.1989374
0.0
1.736259
2.025233
1.7523588
7.5964427
3.9571915
4.5331655
0.57258683
4.0908527
1.5538712
0.0
3.7339046
0.89847517
1.1659384
4.078837
2.4841745
0.7627856
4.131198
1.9533887
0.0
4.0759597
0.27118528
4.0185723
4.3064904
1.1287618
0.6517215
0.0
2.5857332
0.0
3.1620145
2.106295
4.3304057
0.60834414
4.3732743
0.97484285
3.8992162
4.2632246
4.4884014
0.77001464
3.8520525
3.9493322
3.9188821
1.2894814
2.5285563
4.007518
0.94397587
0.0
0.78038204
4.3848834
1.1585573
2.8965032
2.1571229
2.9763463
3.0106363
0.9073732
1.5397277
3.8042443
0.76037925
1.0458716
3.9909675
0.607152
0.31594527
1.576193
0.13976203
0.81274635
5.497955
0.74072295
1.9519497
0.67129225
1.7666655
3.6164362
4.149196
3.7525945
0.0
3.283091
3.880841
0.67767036
3.876308
3.8688984
1.3007177
4.1358204
0.0
0.0
4.1033974
1.3344392
0.0
0.7339176
1.3152382
3.8864346
1.181071
3.6100066
1.1951952
1.4376192
3.9215586
0.9362928
3.3815017
2.9899392
1.2298914
3.8038056
3.9736261
0.0
3.8820345
0.0
4.039511
1.9678973
3.7509542
0.0
1.8377802
0.0
0.63099015
0.953639
4.8065777
0.0
0.0
1.6493448
3.7027104
0.57439774
0.74806696
1.6022049
1.4724058
1.0689853
3.7985642
4.0483236
3.4469192
3.8059952
1.0323393
2.8684444
0.6643734
2.5394988
1.0094966
3.6282032
1.036442
0.32713228
4.317884
1.3834105
0.7886551
4.250735
3.652617
1.7143517
2.3020437
1.5115315
0.9427899
3.7229962
0.8301307
0.7926619
0.6494619
0.8873362
0.9990143
3.9159002
0.8436936
1.3461878
1.8919331
1.2958108
2.4695451
4.222055
3.981693
4.017957
1.319173
4.1432223
4.704918
0.62038004
4.521506
2.650502
4.1163764
1.0364401
6.659067
0.5018901
1.7483135
0.3611054
2.0127797
2.6394114
2.4789524
4.1879277
3.3037593
4.131399
0.59092396
0.3677219
2.4065304
3.8555331
0.7223203
1.005149
1.9996448
0.7076235
0.8574694
3.6359606
3.3647745
1.2961842
3.7269053
4.444231
3.774409
3.8825483
0.6290407
0.988074
1.0322102
1.1139915
1.614086
3.8716946
1.333037
4.2907753
3.9330902
3.871674
4.079894
0.0
4.056326
1.1642646
3.8957088
3.7874997
