0.0
0.0
0.18410818
0.037867885
0.0
0.028471595
0.0639307
0.0
0.059910044
0.2252183
0.0
0.07819943
0.0
0.43033653
0.0
0.028422382
0.0
0.0
0.0
0.19922234
0.02305367
0.048344776
0.013559377
0.0
0.12913777
0.0
0.0
0.1597172
0.0
0.0
0.0
0.0
0.003835827
0.03835095
0.2257994
0.0487592
0.07972646
0.15749326
0.16848977
0.0
0.0
0.0
0.0
0.0
0.15524113
0.0
0.0
0.17558876
0.16410413
0.0
0.0
0.041905116
0.0
0.019092593
0.0
0.0
0.0
0.12904224
0.087161094
0.19191332
0.07362819
0.06829151
0.0
0.0
0.04202693
0.09462785
0.0
0.08425252
0.0
0.0
0.09122992
0.0
0.0
0.0
0.0031914022
0.0114800995
0.0
0.13766026
0.071569026
0.17206953
0.14584622
0.04363888
0.0
0.0
0.20954137
0.0
0.11045192
0.0
0.06321314
0.10508723
0.16247612
0.0
0.12712035
0.043853257
0.0
0.07093879
0.09675834
0.0
0.22165757
0.1049217
0.13264626
0.09284416
0.0
0.0019959845
0.110877424
0.0
0.07981626
0.0
0.0
0.0
0.21637185
0.0
0.14443773
0.30727503
0.0
0.078293905
0.0
0.0
0.0
0.008732978
0.0
0.0
0.0
0.0024662502
0.0
0.099310264
0.122583106
0.0
0.33331397
0.0
0.103184536
0.22831777
0.1013691
0.0
0.030710129
0.0
0.04356854
0.021999264
0.20513341
0.22649375
0.10922705
0.15340997
0.049933232
0.059045862
0.14499351
0.17382821
0.0
0.014044637
0.0
0.13789327
0.0
0.0
0.13720673
0.0
0.18121384
0.0
0.0
0.0
0.0
0.18823612
0.2001671
0.0
0.06688887
0.12162514
0.00040086522
0.24716924
0.0
0.0
0.0
0.059826814
0.011769693
0.052278146
0.0
0.042794634
0.17592129
0.0
0.0204547
0.050952137
0.0
0.0
0.0
0.0
0.0034442684
0.0
0.2840181
0.018057467
0.0038071107
0.058001105
0.2619752
0.0
0.09369892
0.13459064
0.049987387
0.07881881
0.17350651
0.0
0.0
0.0
0.026923316
0.0
0.20481515
0.06395381
0.32081616
0.16329697
0.0
0.08476058
0.11758223
0.2533288
0.11458889
0.050622847
0.021239707
0.2299543
0.0
0.12358706
0.032411903
0.038566887
0.074989125
0.0
0.11849816
0.1326648
0.0
0.14793034
0.022725035
0.18989117
0.0
0.0
0.0
0.14624241
0.0
0.0
0.0
0.0
0.10622953
0.0
0.0
0.0
0.0
0.22302783
0.014425407
0.15376204
0.0
0.010442456
0.0
0.0
0.0
0.0
0.0
0.0
0.06645422
0.0
0.0
0.0
0.0
0.0
0.018007517
0.0
0.1768988
0.021280263
0.0
0.0
0.0
0.096116155
0.105948865
0.0
0.07719589
0.0
0.029693406
0.045926645
0.036633037
0.16046162
0.05062424
0.07445665
0.0625064
0.1182232
0.08861236
0.098938376
0.037020084
0.0
0.0
0.073461436
0.0
0.013216673
0.20594355
0.0
0.1723405
0.02509889
0.07326601
0.0
0.0
0.18034457
0.0
0.10198625
0.10714649
0.13152899
0.0681626
0.0
0.0
0.1540001
0.0
0.31030554
0.0
0.0
0.0
0.0
0.023403803
0.0
0.11995321
0.0
0.0
0.0
0.0037760064
0.0
0.0
0.0
0.16046223
0.0
0.07705554
0.045911312
0.09711572
0.0
0.04621636
0.0
0.023446877
0.0
0.13519593
0.10374592
0.021762678
0.0
0.04839108
0.11878893
0.104133785
0.25962886
0.0
0.0
0.0
0.0
0.0
0.02257712
0.07053342
0.08648192
0.0
0.031031232
0.1657586
0.01893638
0.26812106
0.0
0.0
0.029329002
0.0
0.096283436
0.0
0.08594613
0.037564505
0.0
0.0331504
0.0
0.0
0.0
0.06016107
0.0
0.0
0.0
0.11553795
0.03293862
0.008513888
0.0
0.0
0.03948354
0.053651303
0.0
0.0
0.07209964
0.0
0.07297656
0.014987485
0.0
0.0
0.16743955
0.09583563
0.055776227
0.008063941
0.0
0.20144647
0.0
0.04260089
0.0
0.2707163
0.028029656
0.0
0.0
0.17152746
0.0
0.0
0.0
0.057294555
0.1569663
0.0
0.0
0.038738586
0.20271668
0.0
0.06675493
0.016527526
0.0
0.2530436
0.0
0.0
0.0124553945
0.20769443
0.045695007
0.0
0.11906107
0.0
0.18442155
0.0
0.11048699
0.19726413
0.0
0.0
0.0
0.001145184
0.0
0.08431043
0.0
0.22957501
0.0
0.15236872
0.0
0.1872455
0.1052837
0.24235325
0.0
0.0
0.009263953
0.30400288
0.0
0.15734583
0.006987867
0.0
0.0
0.0
0.1664513
0.17888659
0.108801134
0.07550929
0.0
0.0028265398
0.031955153
0.071837574
0.0256636
0.0
0.053723205
0.07455906
0.0
0.0
0.0
0.009143137
0.0
0.0
0.0
0.043229006
0.0
0.0
0.05058553
0.08687414
0.005380556
0.0
0.0
0.02307675
0.0
0.10500225
0.04642819
0.0
0.107639566
0.0
0.0
0.038743164
0.007691594
0.0
0.0
0.0
0.042683773
0.012374835
0.0
0.004442649
0.0
0.004274763
0.0
0.0030050795
0.04674185
0.0
0.0
0.07355584
0.0
0.028996551
0.0
0.16229326
0.0326967
0.060103454
0.0
0.0
0.0
0.0
0.0
0.0
0.0
0.0
0.0
0.018487163
0.0
0.0
0.0
0.09203153
0.080999844
0.071439505
0.10104816
0.0
0.0
0.0
0.12023236
0.0
0.2564468
0.0
0.0
0.007043194
0.0
0.23695625
0.0
0.0
0.091046885
0.024502356
0.0
0.07692588
0.0
0.0
0.039044082
0.0
0.0
0.0
0.0
0.0
0.22403498
0.0
0.0
0.09190431
0.14640625
0.13856307
0.16087723
0.009436259
0.14718413
0.0
0.11824046
0.0
0.0
0.17920446
0.06824374
0.13871439
0.0
0.0
0.0
0.13051446
0.0
0.16553631
0.15225312
0.15934582
0.1877636
0.026291542
0.11121745
0.0
0.0
0.0
0.07159791
0.056046873
0.0
0.0
0.022741621
0.0
0.050330672
0.06773691
0.0
0.0
0.15060484
0.005196023
0.14178643
0.0
0.0
0.0
0.044271618
0.0
0.0
0.018581206
0.3446501
0.092691466
0.12229733
0.026594076
0.0
0.037862085
0.048547313
0.0
0.06695266
