0.0
0.0
0.1794043
0.0389159
0.0
0.028129645
0.06397823
0.0
0.062428445
0.22488873
0.0
0.08046058
0.0
0.42980987
0.0
0.032269113
0.0
0.0
0.0
0.19356824
0.022235181
0.045560453
0.009586031
0.0
0.13138215
0.0
0.0
0.15678152
0.0
0.0
0.0
0.0
0.0022263527
0.038961153
0.22354513
0.047674265
0.08253386
0.15758951
0.16432713
0.0
0.0
0.0
0.0
0.0
0.15542239
0.0
0.0
0.17795013
0.16359727
0.0
0.0
0.03969857
0.0
0.019292727
0.0
0.0
0.0
0.12702642
0.084751144
0.19286908
0.0684517
0.066038236
0.0
0.0
0.040890027
0.09388988
0.0
0.08593462
0.0
0.0
0.09033264
0.0
0.0
0.0
0.0024899002
0.011182969
0.0
0.1382706
0.071657695
0.16988847
0.14651011
0.04322776
0.0
0.0
0.2063418
0.0
0.109751746
0.0
0.062394336
0.108299196
0.16240434
0.0
0.12958664
0.042393826
0.0
0.07592036
0.09587881
0.0
0.22150445
0.103864685
0.13250495
0.092926934
0.0
0.001575835
0.113088965
0.0
0.080760494
0.0
0.0
0.0
0.21957543
0.0
0.14052318
0.30813006
0.0
0.07852494
0.0
0.0
0.0
0.007848974
0.0
0.0
0.0
0.002520794
0.0
0.09672572
0.12272642
0.0
0.33252028
0.0
0.10548197
0.22976932
0.09921824
0.0
0.031260855
0.0
0.042310096
0.01923319
0.20717557
0.22464925
0.109301254
0.15209264
0.049729973
0.056292098
0.14693868
0.17365703
0.0
0.014548841
0.0
0.13875315
0.0
0.0
0.1374241
0.0
0.18006107
0.0
0.0
0.0
0.0
0.18780324
0.20301722
0.0
0.06634917
0.1230344
0.0
0.24680325
0.0
0.0
0.0
0.061039362
0.010805484
0.049102765
0.0
0.043765966
0.1752308
0.0
0.018627476
0.050458204
0.0
0.0
0.0
0.0
0.0015887463
0.0
0.28370067
0.017746238
0.0053146677
0.05996316
0.26569492
0.0
0.09483261
0.13559939
0.04932986
0.07870346
0.17217603
0.0
0.0
0.0
0.0277281
0.0
0.20402041
0.061650492
0.32156676
0.16374895
0.0
0.087721646
0.118811764
0.25192383
0.114298195
0.053978227
0.020345097
0.22937818
0.0
0.12398316
0.032098316
0.040373802
0.07683679
0.0
0.12223503
0.13302098
0.0
0.14737439
0.025685808
0.18862973
0.0
0.0
0.0
0.14450522
0.0
0.0
0.0
0.0
0.10527996
0.0
0.0
0.0
0.0
0.22284986
0.013756214
0.15203647
0.0
0.007675357
0.0
0.0
0.0
0.0
0.0
0.0
0.064883284
0.0005089417
0.0
0.0
0.0
0.0
0.020582046
0.0
0.17770232
0.021807428
0.0
0.0
0.0
0.094752245
0.10559046
0.0
0.07565079
0.0
0.029988535
0.04785792
0.033932645
0.15864971
0.052043058
0.07596273
0.0635168
0.12087973
0.085517965
0.099258974
0.035565004
0.0
0.0
0.075370036
0.0
0.013428349
0.20823094
0.0
0.17149824
0.023501942
0.072863795
0.0
0.0
0.17828025
0.0
0.10513236
0.10666291
0.13248646
0.06735995
0.0
0.0
0.15320708
0.0
0.31038597
0.0
0.0
0.0
0.0
0.02348057
0.0
0.11842311
0.0
0.0
0.0
0.0016779676
0.0
0.0
0.0
0.16362782
0.0
0.07592594
0.04252827
0.09760215
0.0
0.047390282
0.0
0.02541239
0.0
0.13771422
0.102639765
0.020385934
0.0
0.052542843
0.118662655
0.10648486
0.25830325
0.0
0.0
0.0
0.0
0.0
0.0209825
0.06824086
0.08416099
0.0
0.03335419
0.16300674
0.021766942
0.26827928
0.0
0.0
0.027875312
0.0
0.09898698
0.0
0.08731888
0.039594054
0.0
0.031949885
0.0
0.0
0.0
0.06207
0.0
0.0
0.0
0.113220036
0.035832845
0.010721499
0.0
0.0
0.03726753
0.05097471
0.0
0.0
0.07167003
0.0
0.07251297
0.015016712
0.0
0.0
0.1656767
0.09814987
0.05719149
0.007947585
0.0
0.19994083
0.0
0.045592334
0.0
0.2739735
0.026377302
0.0
0.0
0.17127731
0.0
0.0
0.0
0.056529347
0.15687987
0.0
0.0
0.03743055
0.2023202
0.0
0.06431511
0.016396925
0.0
0.2518501
0.0
0.0
0.009021404
0.20397066
0.046587236
0.0
0.11647671
0.0
0.18374224
0.0
0.11547019
0.19815484
0.0
0.0
0.0
0.0
0.0
0.08427251
0.0
0.23056042
0.0
0.15478858
0.0
0.19062015
0.10471321
0.2393222
0.0
0.0
0.0071517993
0.30592173
0.0
0.15574734
0.009740973
0.0
0.0
0.0
0.16667423
0.18115345
0.106808454
0.074218966
0.0
0.0014936598
0.030140363
0.073807344
0.026500609
0.0
0.055278234
0.07446801
0.0
0.0
0.0
0.01065149
0.0
0.0
0.0
0.04405557
0.0
0.0
0.04920664
0.08793331
0.005386823
0.0
0.0
0.024029778
0.0
0.10705799
0.049646474
0.0
0.106380865
0.0
0.0
0.041460067
0.0069050193
0.0
0.0
0.0
0.042494457
0.014075991
0.0
0.0053248126
0.0
0.006645742
0.0
0.002212789
0.04826584
0.0
0.0
0.07367743
0.0
0.03152975
0.0
0.16386457
0.033949006
0.059018802
0.0
0.0
0.0
0.0
0.0
0.0
0.0
0.0
0.0
0.018209044
0.0
0.0
0.0
0.096043445
0.07782338
0.07166281
0.09971167
0.0
0.0
0.0
0.12303335
0.0
0.2543922
0.0
0.0
0.009745235
0.0
0.23621237
0.0
0.0
0.09341432
0.02258632
0.0
0.07720324
0.0
0.0
0.041728035
0.0
0.0
0.0
0.0
0.0
0.2252132
0.0
0.0
0.088535435
0.14452133
0.13664728
0.16220859
0.010809627
0.14919381
0.0
0.12010843
0.0
0.0
0.17882483
0.06676868
0.13984156
0.0
0.0
0.0
0.12822786
0.0
0.16693139
0.15539323
0.1582954
0.1856262
0.022092238
0.1147712
0.0
0.0
0.0
0.072177984
0.05997867
0.0
0.0
0.021429162
0.0
0.04889859
0.06571393
0.0
0.0
0.15225992
0.0032840744
0.13895868
0.0
0.0
0.0
0.046974685
0.0
0.0
0.014839135
0.34560055
0.09477259
0.12217633
0.024031155
0.0
0.037449628
0.044570282
0.0
0.066347
