0.0
0.0
0.18079965
0.03734243
0.0
0.026404629
0.06462147
0.0
0.060656488
0.22554909
0.0
0.07772787
0.0
0.4283872
0.0
0.029609574
0.0
0.0
0.0
0.19734038
0.022522833
0.049175702
0.012948733
0.0
0.1301625
0.0
0.0
0.15869036
0.0
0.0
0.0
0.0
0.0035850853
0.03826312
0.22516462
0.050054416
0.08125602
0.15647152
0.16658416
0.0
0.0
0.0
0.0
0.0
0.15456961
0.0
0.0
0.17436706
0.16364537
0.0
0.0
0.041762915
0.0
0.02028
0.0
0.0
0.0
0.12951522
0.08732113
0.19149101
0.070014894
0.06970695
0.0
0.0
0.04178248
0.09448807
0.0
0.0844875
0.0
0.0
0.092294455
0.0
0.0
0.0
0.0016174503
0.011319721
0.0
0.13757484
0.07216949
0.17077187
0.14555669
0.043810323
0.0
0.0
0.20651625
0.0
0.11251744
0.0
0.061809182
0.106029525
0.16246688
0.0
0.12972279
0.04459262
0.0
0.07313884
0.09673281
0.0
0.22220446
0.104013175
0.13289778
0.092775315
0.0
0.0016400702
0.11111365
0.0
0.079370566
0.0
0.0
0.0
0.21725987
0.0
0.14393733
0.307794
0.0
0.07918447
0.0
0.0
0.0
0.006986968
0.0
0.0
0.0
0.0037506754
0.0
0.09925949
0.12242731
0.0
0.3338997
0.0
0.10491851
0.22866695
0.10255557
0.0
0.029932968
0.0
0.043607563
0.022043064
0.20528181
0.22536114
0.110027745
0.15311217
0.050350722
0.057370417
0.1471565
0.17458457
0.0
0.014064797
0.0
0.13758966
0.0
0.0
0.13745649
0.0
0.18036203
0.0
0.0
0.0
0.0
0.18576257
0.20122853
0.0
0.06483832
0.1232868
0.0
0.2486296
0.0
0.0
0.0
0.062157243
0.010370545
0.05211605
0.0
0.043390904
0.17456456
0.0
0.019340364
0.05024128
0.0
0.0
0.0
0.0
0.0026836502
0.0
0.28288424
0.019101286
0.004453821
0.05792351
0.26212132
0.0
0.093933195
0.13478762
0.049910054
0.07942261
0.17423372
0.0
0.0
0.0
0.025769483
0.0
0.20427419
0.063687235
0.32032365
0.16246174
0.0
0.08669453
0.11841255
0.2528084
0.114632405
0.051457714
0.020558603
0.22849375
0.0
0.12442935
0.032597553
0.03968995
0.074410126
0.0
0.12105855
0.1322539
0.0
0.1470886
0.023765193
0.18953246
0.0
0.0
0.0
0.1457982
0.0
0.0
0.0
0.0
0.10494363
0.0
0.0
0.0
0.0
0.22404142
0.013205568
0.15242007
0.0
0.00841788
0.0
0.0
0.0
0.0
0.0
0.0
0.065842204
0.0
0.0
0.0
0.0
0.0
0.018441804
0.0
0.17635939
0.021949388
0.0
0.0
0.0
0.093764946
0.105760604
0.0
0.075974636
0.0
0.029705666
0.04710436
0.035409816
0.16056123
0.050293073
0.075187296
0.062664255
0.11845168
0.08783094
0.100731336
0.037613373
0.0
0.0
0.073563404
0.0
0.013196595
0.20806722
0.0
0.1721012
0.023523357
0.07330718
0.0
0.0
0.17995702
0.0
0.10392086
0.10594923
0.13163054
0.06715328
0.0
0.0
0.15407026
0.0
0.3108155
0.0
0.0
0.0
0.0
0.023072908
0.0
0.1202571
0.0
0.0
0.0
0.0015321914
0.0
0.0
0.0
0.161702
0.0
0.07723984
0.044744857
0.09681982
0.0
0.046779256
0.0
0.025504712
0.0
0.13597171
0.103480086
0.022128219
0.0
0.051523723
0.11793807
0.10565031
0.2587665
0.0
0.0
0.0
0.0
0.0
0.020910315
0.06850874
0.08545926
0.0
0.031950135
0.16351633
0.020921715
0.26908848
0.0
0.0
0.027992912
0.0
0.09772058
0.0
0.08603038
0.03835314
0.0
0.034069467
0.0
0.0
0.0
0.061004937
0.0
0.0
0.0
0.11555079
0.033549443
0.010460394
0.0
0.0
0.038831767
0.051779326
0.0
0.0
0.07249915
0.0
0.073351845
0.014831211
0.0
0.0
0.16637002
0.09694138
0.056777418
0.006738698
0.0
0.20043601
0.0
0.0434213
0.0
0.27258345
0.027071804
0.0
0.0
0.17115149
0.0
0.0
0.0
0.05720443
0.1578329
0.0
0.0
0.03811682
0.20305227
0.0
0.06475156
0.015620164
0.0
0.25259495
0.0
0.0
0.010769994
0.20589016
0.046304815
0.0
0.11864436
0.0
0.18287855
0.0
0.1126086
0.1985282
0.0
0.0
0.0
0.0005651172
0.0
0.08258381
0.0
0.2291144
0.0
0.15291245
0.0
0.18812789
0.10482099
0.2413299
0.0
0.0
0.008335294
0.30451107
0.0
0.15616319
0.008237269
0.0
0.0
0.0
0.166941
0.17956191
0.10632701
0.074694656
0.0
0.0022754138
0.02974708
0.07292354
0.028300349
0.0
0.05386837
0.07375726
0.0
0.0
0.0
0.009575395
0.0
0.0
0.0
0.0434549
0.0
0.0
0.050765403
0.086835876
0.0066526504
0.0
0.0
0.024542477
0.0
0.10489832
0.048148
0.0
0.10713266
0.0
0.0
0.039231215
0.008937617
0.0
0.0
0.0
0.041798793
0.013296399
0.0
0.0045115557
0.0
0.0046450365
0.0
0.0013930146
0.047448322
0.0
0.0
0.07444768
0.0
0.028785141
0.0
0.16274813
0.031158306
0.060064428
0.0
0.0
0.0
0.0
0.0
0.0
0.0
0.0
0.0
0.018880859
0.0
0.0
0.0
0.09130237
0.078996904
0.071773306
0.10178493
0.0
0.0
0.0
0.119633
0.0
0.25640312
0.0
0.0
0.009371962
0.0
0.23740861
0.0
0.0
0.09084863
0.021911347
0.0
0.07617033
0.0
0.0
0.039572172
0.0
0.0
0.0
0.0
0.0
0.22486359
0.0
0.0
0.0903424
0.14402053
0.13663061
0.16155702
0.008916881
0.14908479
0.0
0.118453965
0.0
0.0
0.17885843
0.06813518
0.14004205
0.0
0.0
0.0
0.12982473
0.0
0.16453423
0.15388347
0.15921734
0.1868374
0.026142372
0.11179895
0.0
0.0
0.0
0.071518496
0.057634003
0.0
0.0
0.022485439
0.0
0.050579343
0.06546357
0.0
0.0
0.15138964
0.0036185216
0.14131856
0.0
0.0
0.0
0.04562624
0.0
0.0
0.018981151
0.345641
0.09357077
0.12168505
0.02481664
0.0
0.0394686
0.047719307
0.0
0.066658765
