0.0
0.0
0.1791423
0.037507337
0.0
0.025740445
0.06484789
0.0
0.06123755
0.22558178
0.0
0.07795
0.0
0.42774466
0.0
0.030637981
0.0
0.0
0.0
0.19588155
0.022240229
0.04906392
0.012262997
0.0
0.13074923
0.0
0.0
0.15787156
0.0
0.0
0.0
0.0
0.0031894036
0.038367424
0.22470486
0.05026024
0.081962936
0.15618983
0.16546068
0.0
0.0
0.0
0.0
0.0
0.154394
0.0
0.0
0.17426221
0.16341247
0.0
0.0
0.041376323
0.0
0.020562822
0.0
0.0
0.0
0.1294007
0.08689127
0.19151941
0.06820363
0.06970867
0.0
0.0
0.041698005
0.0943116
0.0
0.08475869
0.0
0.0
0.09244323
0.0
0.0
0.0
0.0011091959
0.011275401
0.0
0.13771524
0.07224617
0.17009816
0.1454515
0.043739565
0.0
0.0
0.20512661
0.0
0.113052234
0.0
0.061344385
0.106722504
0.16245404
0.0
0.13088103
0.044604715
0.0
0.07450938
0.09654731
0.0
0.22233926
0.103486
0.13288075
0.092772074
0.0
0.0014231149
0.111530736
0.0
0.07938324
0.0
0.0
0.0
0.21806294
0.0
0.1433176
0.30820686
0.0
0.079472594
0.0
0.0
0.0
0.006452296
0.0
0.0
0.0
0.004051205
0.0
0.09888067
0.12239783
0.0
0.33398828
0.0
0.10583407
0.22915056
0.10258764
0.0
0.02980903
0.0
0.0432384
0.021596607
0.20568565
0.22470555
0.11034667
0.15287757
0.05052116
0.05650093
0.1478946
0.17470774
0.0
0.014149731
0.0
0.13761511
0.0
0.0
0.1376477
0.0
0.18000612
0.0
0.0
0.0
0.0
0.18498825
0.2018072
0.0
0.06417914
0.123961896
0.0
0.24891426
0.0
0.0
0.0
0.06297282
0.0098692905
0.051560987
0.0
0.04376507
0.17415427
0.0
0.018767323
0.049957413
0.0
0.0
0.0
0.0
0.0021654281
0.0
0.28266412
0.019365087
0.004958193
0.058315888
0.2627792
0.0
0.09411904
0.134979
0.049662378
0.07945048
0.17412646
0.0
0.0
0.0
0.025550738
0.0
0.20396192
0.063241675
0.32029203
0.16213727
0.0
0.08775416
0.11897006
0.25241223
0.114614315
0.052157458
0.020221062
0.22800939
0.0
0.124636054
0.032515034
0.040395845
0.07452698
0.0
0.12232541
0.1322175
0.0
0.14679283
0.024598552
0.18925887
0.0
0.0
0.0
0.14535931
0.0
0.0
0.0
0.0
0.10432275
0.0
0.0
0.0
0.0
0.22434978
0.012668791
0.15181631
0.0
0.007306019
0.0
0.0
0.0
0.0
0.0
0.0
0.06546388
0.0
0.0
0.0
0.0
0.0
0.018963415
0.0
0.17627616
0.022218803
0.0
0.0
0.0
0.09284106
0.10572311
0.0
0.075424716
0.0
0.029757634
0.047699764
0.03479723
0.16023903
0.050328784
0.075612575
0.06294167
0.11898176
0.08717555
0.10127409
0.037611436
0.0
0.0
0.073916525
0.0
0.013275642
0.20905718
0.0
0.17191334
0.022838745
0.07335376
0.0
0.0
0.17952451
0.0
0.10490334
0.10553283
0.13179323
0.066682674
0.0
0.0
0.15401872
0.0
0.31102633
0.0
0.0
0.0
0.0
0.022938978
0.0
0.12014647
0.0
0.0
0.0
0.00047652982
0.0
0.0
0.0
0.16249172
0.0
0.07715455
0.043816745
0.09673863
0.0
0.0470898
0.0
0.026387783
0.0
0.13658702
0.103345394
0.02208354
0.0
0.053023662
0.11777551
0.10651294
0.25841582
0.0
0.0
0.0
0.0
0.0
0.020213565
0.06760512
0.084673785
0.0
0.03261453
0.16245547
0.021993762
0.2693555
0.0
0.0
0.027470123
0.0
0.09853301
0.0
0.08622332
0.03892651
0.0
0.03418698
0.0
0.0
0.0
0.06151229
0.0
0.0
0.0
0.115098685
0.034154132
0.011412288
0.0
0.0
0.038219217
0.050863944
0.0
0.0
0.072575174
0.0
0.07332581
0.014827319
0.0
0.0
0.16566226
0.097658075
0.05727971
0.0062720347
0.0
0.19981404
0.0
0.04414183
0.0
0.27376345
0.02645532
0.0
0.0
0.170922
0.0
0.0
0.0
0.05707018
0.15812247
0.0
0.0
0.037666913
0.20315474
0.0
0.063832015
0.015451161
0.0
0.25220385
0.0
0.0
0.009726237
0.20477143
0.046684906
0.0
0.11814861
0.0
0.18222634
0.0
0.1140465
0.19901013
0.0
0.0
0.0
9.633042e-05
0.0
0.08196609
0.0
0.229112
0.0
0.15346579
0.0
0.18903752
0.10447918
0.24070881
0.0
0.0
0.007779835
0.30489728
0.0
0.1557881
0.00913611
0.0
0.0
0.0
0.16714975
0.18007866
0.1053587
0.07435207
0.0
0.0018519908
0.028846517
0.07348842
0.02906714
0.0
0.05417928
0.073529296
0.0
0.0
0.0
0.009822881
0.0
0.0
0.0
0.043740124
0.0
0.0
0.05053788
0.086939886
0.0070056934
0.0
0.0
0.025120525
0.0
0.10523935
0.049070418
0.0
0.10677101
0.0
0.0
0.039806746
0.009164829
0.0
0.0
0.0
0.041488588
0.013831338
0.0
0.0047199465
0.0
0.005112881
0.0
0.00081148837
0.047894254
0.0
0.0
0.07469273
0.0
0.029111803
0.0
0.16314381
0.030928764
0.05987871
0.0
0.0
0.0
0.0
0.0
0.0
0.0
0.0
0.0
0.018989118
0.0
0.0
0.0
0.09178727
0.07795854
0.07189298
0.10191267
0.0
0.0
0.0
0.119847246
0.0
0.25614926
0.0
0.0
0.010490248
0.0
0.23732565
0.0
0.0
0.09118441
0.020975895
0.0
0.07609282
0.0
0.0
0.04016748
0.0
0.0
0.0
0.0
0.0
0.22518502
0.0
0.0
0.08929044
0.14306566
0.13587719
0.16197117
0.009017625
0.1499417
0.0
0.11881427
0.0
0.0
0.1787616
0.06783477
0.14061719
0.0
0.0
0.0
0.12914917
0.0
0.16442373
0.15490176
0.15901272
0.18613638
0.025507808
0.11255657
0.0
0.0
0.0
0.07162981
0.058641955
0.0
0.0
0.022199072
0.0
0.050448075
0.06450219
0.0
0.0
0.1519945
0.0027192486
0.14076422
0.0
0.0
0.0
0.04654234
0.0
0.0
0.018554045
0.34603825
0.09416441
0.12158498
0.023847463
0.0
0.039904445
0.04684581
0.0
0.06654687
