0.0
0.0
0.17857735
0.037902433
0.0
0.025840864
0.06486315
0.0
0.06158779
0.22551708
0.0
0.07841262
0.0
0.4277314
0.0
0.03139472
0.0
0.0
0.0
0.19509059
0.02216132
0.04869713
0.011873256
0.0
0.13096298
0.0
0.0
0.15736608
0.0
0.0
0.0
0.0
0.0028716102
0.038524147
0.22451402
0.04993839
0.08201612
0.15628117
0.16513409
0.0
0.0
0.0
0.0
0.0
0.15448567
0.0
0.0
0.17452583
0.16325124
0.0
0.0
0.040969383
0.0
0.020381954
0.0
0.0
0.0
0.12909421
0.08642289
0.191616
0.06763507
0.0691691
0.0
0.0
0.04175493
0.09414829
0.0
0.08501601
0.0
0.0
0.0921988
0.0
0.0
0.0
0.0010998286
0.011306966
0.0
0.13786158
0.072108105
0.16981424
0.14534034
0.043636322
0.0
0.0
0.20467564
0.0
0.1129008
0.0
0.061506025
0.10709407
0.16244005
0.0
0.13118282
0.0443605
0.0
0.07514217
0.09639525
0.0
0.22235723
0.10327833
0.13280126
0.09277518
0.0
0.0011872724
0.11187976
0.0
0.07952371
0.0
0.0
0.0
0.21862626
0.0
0.14287563
0.30846298
0.0
0.07946386
0.0
0.0
0.0
0.006517738
0.0
0.0
0.0
0.0039061066
0.0
0.09843617
0.122573234
0.0
0.33385295
0.0
0.10611787
0.22950469
0.10217703
0.0
0.029983554
0.0
0.042705387
0.02108849
0.20609987
0.22443943
0.1103473
0.15280959
0.050620444
0.05621197
0.14773603
0.1744892
0.0
0.014128456
0.0
0.13768364
0.0
0.0
0.13777295
0.0
0.17988262
0.0
0.0
0.0
0.0
0.18518706
0.20195737
0.0
0.064282134
0.124165386
0.0
0.2487144
0.0
0.0
0.0
0.062978484
0.0098644495
0.051058732
0.0
0.043946773
0.17430045
0.0
0.018575512
0.049882524
0.0
0.0
0.0
0.0
0.0018730289
0.0
0.2829979
0.019237684
0.005240321
0.058801204
0.2635146
0.0
0.09416773
0.13502729
0.049376395
0.07923691
0.17378467
0.0
0.0
0.0
0.025695248
0.0
0.20386623
0.062772475
0.32042903
0.16205156
0.0
0.08819514
0.11929126
0.25213248
0.11459158
0.052555833
0.020090822
0.22795828
0.0
0.124557585
0.032381065
0.04080511
0.07476172
0.0
0.12272722
0.13227524
0.0
0.14677101
0.025110196
0.18910356
0.0
0.0
0.0
0.14512746
0.0
0.0
0.0
0.0
0.104110435
0.0
0.0
0.0
0.0
0.22435004
0.012426162
0.15171503
0.0
0.0068579363
0.0
0.0
0.0
0.0
0.0
0.0
0.06533273
0.00023487769
0.0
0.0
0.0
0.0
0.01927102
0.0
0.17647155
0.022271965
0.0
0.0
0.0
0.092697695
0.10582629
0.0
0.07530718
0.0
0.029815882
0.047891013
0.034674115
0.15992834
0.050404556
0.07581226
0.06313643
0.11955671
0.08686469
0.101173446
0.037525266
0.0
0.0
0.07426867
0.0
0.013270968
0.20930625
0.0
0.17195389
0.02268171
0.07346098
0.0
0.0
0.17926608
0.0
0.10506795
0.10563825
0.13186009
0.06647549
0.0
0.0
0.1538787
0.0
0.3111105
0.0
0.0
0.0
0.0
0.022865135
0.0
0.11993647
0.0
0.0
0.0
5.786866e-05
0.0
0.0
0.0
0.16278858
0.0
0.077007644
0.04329627
0.096799746
0.0
0.04716373
0.0
0.026515879
0.0
0.13684532
0.10333804
0.021938158
0.0
0.053364493
0.11787604
0.10696706
0.2583171
0.0
0.0
0.0
0.0
0.0
0.020239267
0.06746552
0.084197305
0.0
0.032965478
0.16212545
0.022461463
0.26941732
0.0
0.0
0.027431097
0.0
0.09888357
0.0
0.086332716
0.03919317
0.0
0.03395744
0.0
0.0
0.0
0.061747912
0.0
0.0
0.0
0.11454952
0.034576524
0.011705036
0.0
0.0
0.037794862
0.050626457
0.0
0.0
0.07250633
0.0
0.07314461
0.014883311
0.0
0.0
0.16525926
0.098042764
0.057407446
0.006190679
0.0
0.19956689
0.0
0.044498205
0.0
0.27440014
0.026119415
0.0
0.0
0.17079745
0.0
0.0
0.0
0.056987192
0.1581717
0.0
0.0
0.037404638
0.20318326
0.0
0.06363886
0.015722062
0.0
0.25196376
0.0
0.0
0.00922879
0.20421499
0.04687504
0.0
0.11772229
0.0
0.18211088
0.0
0.114785805
0.19899489
0.0
0.0
0.0
0.0
0.0
0.08187314
0.0
0.22931409
0.0
0.15384291
0.0
0.1897499
0.104282625
0.24052775
0.0
0.0
0.007656335
0.30510533
0.0
0.15595631
0.009611206
0.0
0.0
0.0
0.1672211
0.18040717
0.10523725
0.07436236
0.0
0.0016230792
0.028695883
0.07370868
0.028871533
0.0
0.05445861
0.07364314
0.0
0.0
0.0
0.009860953
0.0
0.0
0.0
0.044003583
0.0
0.0
0.05027505
0.087022625
0.0069855833
0.0
0.0
0.025196485
0.0
0.105679795
0.0493232
0.0
0.10647606
0.0
0.0
0.040160734
0.009040542
0.0
0.0
0.0
0.041405093
0.014062411
0.0
0.004895635
0.0
0.005472487
0.0
0.00079328334
0.048197567
0.0
0.0
0.07462847
0.0
0.029533759
0.0
0.16346478
0.031183012
0.05969889
0.0
0.0
0.0
0.0
0.0
0.0
0.0
0.0
0.0
0.018967127
0.0
0.0
0.0
0.09260473
0.07771897
0.0719157
0.1018215
0.0
0.0
0.0
0.12027806
0.0
0.25595188
0.0
0.0
0.010805029
0.0
0.23702241
0.0
0.0
0.091703184
0.020888584
0.0
0.07630352
0.0
0.0
0.04066623
0.0
0.0
0.0
0.0
0.0
0.22514813
0.0
0.0
0.088673644
0.14286727
0.13590406
0.16219288
0.009317171
0.15009812
0.0
0.11911357
0.0
0.0
0.17886083
0.06758116
0.14071856
0.0
0.0
0.0
0.12856558
0.0
0.1647278
0.15538129
0.15880953
0.18577403
0.024941165
0.11314638
0.0
0.0
0.0
0.07175623
0.05910995
0.0
0.0
0.022048526
0.0
0.050234552
0.06435608
0.0
0.0
0.15246193
0.002331932
0.1403714
0.0
0.0
0.0
0.04708567
0.0
0.0
0.018003622
0.3460542
0.094438575
0.12174693
0.023419658
0.0
0.039859414
0.04628869
0.0
0.06663428
