0.0
0.0
0.17762071
0.038371205
0.0
0.025564373
0.0649738
0.0
0.061956823
0.2254723
0.0
0.07853786
0.0
0.42776793
0.0
0.031454455
0.0
0.0
0.0
0.19433787
0.022084625
0.048175436
0.011377683
0.0
0.1313992
0.0
0.0
0.15701993
0.0
0.0
0.0
0.0
0.0027234368
0.03864615
0.22412652
0.04975887
0.08258509
0.1560555
0.16468057
0.0
0.0
0.0
0.0
0.0
0.15459633
0.0
0.0
0.17487127
0.16325778
0.0
0.0
0.040670834
0.0
0.02032753
0.0
0.0
0.0
0.12891226
0.08588292
0.19176045
0.06700146
0.06899124
0.0
0.0
0.04170788
0.09392427
0.0
0.0852896
0.0
0.0
0.09213382
0.0
0.0
0.0
0.0010031611
0.011315058
0.0
0.13802671
0.07205464
0.16977279
0.14528187
0.043624785
0.0
0.0
0.2037251
0.0
0.1129715
0.0
0.06152095
0.10773766
0.16251037
0.0
0.13142706
0.044255823
0.0
0.07598022
0.09656365
0.0
0.22223827
0.10321371
0.13247894
0.09249481
0.0
0.0013456214
0.112318605
0.0
0.07962032
0.0
0.0
0.0
0.21910873
0.0
0.14235856
0.30891234
0.0
0.0796848
0.0
0.0
0.0
0.006177975
0.0
0.0
0.0
0.0036554243
0.0
0.09790705
0.12269406
0.0
0.33350042
0.0
0.10604654
0.22980013
0.10208346
0.0
0.030270498
0.0
0.04267924
0.020609379
0.20667557
0.22423838
0.11011714
0.15269487
0.050957188
0.055568058
0.14793764
0.17448328
0.0
0.014250406
0.0
0.13763396
0.0
0.0
0.13795508
0.0
0.17964831
0.0
0.0
0.0
0.0
0.18492864
0.20245247
0.0
0.0644222
0.12453784
0.0
0.24880043
0.0
0.0
0.0
0.063091524
0.009832672
0.05054172
0.0
0.044092774
0.17401673
0.0
0.018137451
0.049675107
0.0
0.0
0.0
0.0
0.0017220825
0.0
0.2827568
0.019098932
0.005495495
0.059158787
0.2638705
0.0
0.09407227
0.13523489
0.049300715
0.07939922
0.17357996
0.0
0.0
0.0
0.025623664
0.0
0.20363154
0.062390696
0.32088232
0.16196308
0.0
0.08853702
0.119580775
0.25199217
0.114474006
0.05287977
0.019915376
0.22765945
0.0
0.12463896
0.032304645
0.04119026
0.07491933
0.0
0.12337035
0.1321952
0.0
0.14661682
0.025538119
0.18920156
0.0
0.0
0.0
0.14467521
0.0
0.0
0.0
0.0
0.10391937
0.0
0.0
0.0
0.0
0.22437714
0.012110887
0.15122885
0.0
0.006488424
0.0
0.0
0.0
0.0
0.0
0.0
0.065174446
0.0006819535
0.0
0.0
0.0
0.0
0.019995883
0.0
0.17661601
0.022311775
0.0
0.0
0.0
0.092578575
0.10575107
0.0
0.07484857
0.0
0.030026305
0.048201494
0.034135
0.15977618
0.050657228
0.07600807
0.06320329
0.11994677
0.08633722
0.101399675
0.037184834
0.0
0.0
0.074285075
0.0
0.013468372
0.20994228
0.0
0.17171665
0.022776168
0.073553085
0.0
0.0
0.17904319
0.0
0.10547078
0.10530916
0.13210188
0.066299684
0.0
0.0
0.1536403
0.0
0.31108454
0.0
0.0
0.0
0.0
0.022684216
0.0
0.11944552
0.0
0.0
0.0
0.0
0.0
0.0
0.0
0.16284433
0.0
0.07694383
0.042818543
0.09706732
0.0
0.047461595
0.0
0.026834926
0.0
0.13742748
0.10346535
0.021951836
0.0
0.054004874
0.11798312
0.10759944
0.25807464
0.0
0.0
0.0
0.0
0.0
0.020043153
0.067200184
0.08420817
0.0
0.03312404
0.16191073
0.022640225
0.2694141
0.0
0.0
0.027476452
0.0
0.099253945
0.0
0.0866674
0.03949714
0.0
0.033946555
0.0
0.0
0.0
0.06211129
0.0
0.0
0.0
0.11437057
0.03471135
0.01194082
0.0
0.0
0.037590206
0.050211564
0.0
0.0
0.07247848
0.0
0.07314808
0.015186012
0.0
0.0
0.16531464
0.09854381
0.057533182
0.0060768677
0.0
0.19947103
0.0
0.045115806
0.0
0.27489197
0.026230725
0.0
0.0
0.1708452
0.0
0.0
0.0
0.0570576
0.15786202
0.0
0.0
0.0370439
0.20323285
0.0
0.063429445
0.015988942
0.0
0.2518365
0.0
0.0
0.008602434
0.20392329
0.047416132
0.0
0.117325485
0.0
0.18209304
0.0
0.11560415
0.19913852
0.0
0.0
0.0
0.0
0.0
0.08181098
0.0
0.22929573
0.0
0.15377784
0.0
0.19044755
0.10415714
0.24024166
0.0
0.0
0.0072326344
0.30555558
0.0
0.15598512
0.010283902
0.0
0.0
0.0
0.16731521
0.18059282
0.104728594
0.074190445
0.0
0.0018477887
0.028599782
0.07389818
0.028811462
0.0
0.05462831
0.073527016
0.0
0.0
0.0
0.009916733
0.0
0.0
0.0
0.044031568
0.0
0.0
0.04979444
0.08704432
0.0068442067
0.0
0.0
0.025444826
0.0
0.10597293
0.04953517
0.0
0.10607523
0.0
0.0
0.040809035
0.008925842
0.0
0.0
0.0
0.041358642
0.014385374
0.0
0.004861377
0.0
0.005894944
0.0
0.0005733152
0.048590366
0.0
0.0
0.07463668
0.0
0.029677354
0.0
0.1642751
0.031227127
0.059525814
0.0
0.0
0.0
0.0
0.0
0.0
0.0
0.0
0.0
0.018835418
0.0
0.0
0.0
0.09320485
0.07719161
0.07170077
0.101873815
0.0
0.0
0.0
0.12058397
0.0
0.25588787
0.0
0.0
0.011447212
0.0
0.23693769
0.0
0.0
0.09202366
0.02067799
0.0
0.0759774
0.0
0.0
0.040813226
0.0
0.0
0.0
0.0
0.0
0.22547184
0.0
0.0
0.088518724
0.14274521
0.13562006
0.16227725
0.009717345
0.1507
0.0
0.11907548
0.0
0.0
0.17867608
0.067496955
0.14135061
0.0
0.0
0.0
0.1279715
0.0
0.16514271
0.15601172
0.15862691
0.18539092
0.024237502
0.11363322
0.0
0.0
0.0
0.07181215
0.05980079
0.0
0.0
0.02203852
0.0
0.04978121
0.06399508
0.0
0.0
0.15288807
0.0016996488
0.13988008
0.0
0.0
0.0
0.047250368
0.0
0.0
0.017609473
0.34667832
0.094818525
0.12189226
0.023146246
0.0
0.040251426
0.045864034
0.0
0.06633828
