0.0
0.0
0.18291014
0.03783347
0.0
0.028564671
0.06387614
0.0
0.06064766
0.22513366
0.0
0.07906559
0.0
0.42994863
0.0
0.030111998
0.0
0.0
0.0
0.19751205
0.02276539
0.04772676
0.012404423
0.0
0.1296808
0.0
0.0
0.15874653
0.0
0.0
0.0
0.0
0.0033011436
0.03849106
0.2252242
0.04849738
0.08035223
0.15772231
0.16716896
0.0
0.0
0.0
0.0
0.0
0.15518393
0.0
0.0
0.17616756
0.16381115
0.0
0.0
0.041220836
0.0
0.019284181
0.0
0.0
0.0
0.12838
0.08669553
0.19213055
0.07191887
0.067555025
0.0
0.0
0.041595384
0.09451163
0.0
0.084738106
0.0
0.0
0.09093487
0.0
0.0
0.0
0.0029213987
0.011353109
0.0
0.13772811
0.07168045
0.17108017
0.1461248
0.043503452
0.0
0.0
0.20900606
0.0
0.11015122
0.0
0.06285364
0.105817534
0.16236518
0.0
0.12805143
0.043375965
0.0
0.07227511
0.09618918
0.0
0.22176658
0.10450201
0.13293129
0.09313949
0.0
0.0015732273
0.11137532
0.0
0.080085576
0.0
0.0
0.0
0.2173125
0.0
0.14327219
0.3071854
0.0
0.07819855
0.0
0.0
0.0
0.008627139
0.0
0.0
0.0
0.002792769
0.0
0.098703444
0.12258246
0.0
0.3333505
0.0
0.10426456
0.22863144
0.10058641
0.0
0.030648075
0.0
0.042979985
0.021285653
0.20543665
0.22585958
0.10952439
0.15297768
0.049542103
0.058467276
0.14563474
0.17373155
0.0
0.014071556
0.0
0.13828877
0.0
0.0
0.13710082
0.0
0.18090846
0.0
0.0
0.0
0.0
0.18825777
0.200885
0.0
0.066456296
0.12197469
0.0
0.24697708
0.0
0.0
0.0
0.060330573
0.011321341
0.051434692
0.0
0.043086376
0.17591481
0.0
0.020082526
0.05088848
0.0
0.0
0.0
0.0
0.002745062
0.0
0.28414324
0.018089771
0.0042225607
0.05850345
0.2632576
0.0
0.09423149
0.13477652
0.049758397
0.078591995
0.17317049
0.0
0.0
0.0
0.02728822
0.0
0.20467147
0.06327537
0.320643
0.16350876
0.0
0.085765384
0.11787277
0.2528242
0.11459391
0.051745534
0.020992508
0.2298995
0.0
0.123688385
0.032375008
0.039022055
0.07554665
0.0
0.11955315
0.13285768
0.0
0.14782439
0.0236081
0.18920685
0.0
0.0
0.0
0.1459783
0.0
0.0
0.0
0.0
0.105959766
0.0
0.0
0.0
0.0
0.22298223
0.0143424915
0.15349616
0.0
0.009542355
0.0
0.0
0.0
0.0
0.0
0.0
0.065952
0.0
0.0
0.0
0.0
0.0
0.018338758
0.0
0.1771111
0.021499392
0.0
0.0
0.0
0.095556796
0.105892584
0.0
0.0769834
0.0
0.029599804
0.04647643
0.036008514
0.15985687
0.05090488
0.074941464
0.062866904
0.119017966
0.087829046
0.0988667
0.036839753
0.0
0.0
0.07427333
0.0
0.013048619
0.2063233
0.0
0.17227504
0.024236813
0.07302891
0.0
0.0
0.17967525
0.0
0.10292064
0.10728021
0.13165526
0.067914926
0.0
0.0
0.15387489
0.0
0.3104155
0.0
0.0
0.0
0.0
0.023591558
0.0
0.1198363
0.0
0.0
0.0
0.0030480977
0.0
0.0
0.0
0.16177884
0.0
0.07663733
0.04490544
0.0970577
0.0
0.046403788
0.0
0.023990868
0.0
0.13564765
0.10311658
0.021201134
0.0
0.049590744
0.11857104
0.10459225
0.25925863
0.0
0.0
0.0
0.0
0.0
0.022097738
0.06977455
0.08540668
0.0
0.031890746
0.16468832
0.020090064
0.2682889
0.0
0.0
0.028621629
0.0
0.09712251
0.0
0.086171076
0.03812245
0.0
0.03267659
0.0
0.0
0.0
0.060652576
0.0
0.0
0.0
0.11468765
0.034072515
0.009303204
0.0
0.0
0.03869558
0.052882947
0.0
0.0
0.07195385
0.0
0.07276497
0.014672259
0.0
0.0
0.16655143
0.09637787
0.056267142
0.008057921
0.0
0.20087445
0.0
0.043213658
0.0
0.27171677
0.027137756
0.0
0.0
0.17134167
0.0
0.0
0.0
0.056891818
0.1573023
0.0
0.0
0.0385272
0.2025145
0.0
0.06586546
0.016211405
0.0
0.25264186
0.0
0.0
0.011552342
0.20629394
0.045560926
0.0
0.11830216
0.0
0.18409424
0.0
0.11185173
0.19747357
0.0
0.0
0.0
0.0006948449
0.0
0.08426008
0.0
0.23003192
0.0
0.15348099
0.0
0.1880623
0.10513979
0.24133688
0.0
0.0
0.00881881
0.30437985
0.0
0.15664114
0.0075201187
0.0
0.0
0.0
0.16647275
0.17971279
0.10836859
0.07514224
0.0
0.0020002984
0.03118678
0.07252892
0.026169233
0.0
0.054238945
0.07462493
0.0
0.0
0.0
0.009725868
0.0
0.0
0.0
0.04356817
0.0
0.0
0.050508697
0.087265685
0.005616829
0.0
0.0
0.023301244
0.0
0.105597064
0.04762217
0.0
0.107425846
0.0
0.0
0.039230667
0.007549744
0.0
0.0
0.0
0.042574234
0.012820502
0.0
0.0048560593
0.0
0.0048602605
0.0
0.002825942
0.047057506
0.0
0.0
0.07363559
0.0
0.029937204
0.0
0.1621657
0.033104405
0.059808005
0.0
0.0
0.0
0.0
0.0
0.0
0.0
0.0
0.0
0.018545983
0.0
0.0
0.0
0.09315604
0.08016664
0.071783535
0.10044209
0.0
0.0
0.0
0.121087536
0.0
0.25564542
0.0
0.0
0.007603815
0.0
0.23672831
0.0
0.0
0.091768056
0.023793988
0.0
0.07736811
0.0
0.0
0.040108766
0.0
0.0
0.0
0.0
0.0
0.22419521
0.0
0.0
0.09048482
0.14558801
0.13801447
0.1613898
0.00959154
0.14747627
0.0
0.11907942
0.0
0.0
0.17924486
0.06770255
0.13856715
0.0
0.0
0.0
0.130056
0.0
0.1656983
0.15301889
0.15902615
0.1872001
0.025205152
0.11230472
0.0
0.0
0.0
0.07180141
0.057084613
0.0
0.0
0.022208044
0.0
0.050215043
0.067161635
0.0
0.0
0.15095425
0.00495727
0.14107026
0.0
0.0
0.0
0.045359865
0.0
0.0
0.017411854
0.34441987
0.09322562
0.12209077
0.02565321
0.0
0.037358023
0.04726232
0.0
0.06702387
