0.0
0.0
0.18115382
0.03710349
0.0
0.026168767
0.064692646
0.0
0.060308687
0.22564815
0.0
0.07728281
0.0
0.42823136
0.0
0.02910474
0.0
0.0
0.0
0.1980566
0.022584133
0.049783424
0.013563998
0.0
0.12990795
0.0
0.0
0.15904017
0.0
0.0
0.0
0.0
0.0038224868
0.038134817
0.22548948
0.05041554
0.080972075
0.15631759
0.1670314
0.0
0.0
0.0
0.0
0.0
0.1544506
0.0
0.0
0.17378908
0.16365744
0.0
0.0
0.042136636
0.0
0.020416887
0.0
0.0
0.0
0.12993906
0.08773475
0.19129933
0.07042767
0.0702922
0.0
0.0
0.041937314
0.09458586
0.0
0.084212475
0.0
0.0
0.09258322
0.0
0.0
0.0
0.0015440732
0.011360313
0.0
0.1374751
0.07223108
0.1709891
0.14540108
0.04389886
0.0
0.0
0.2066903
0.0
0.112930804
0.0
0.061742917
0.10560801
0.16248116
0.0
0.12965469
0.044948816
0.0
0.072571225
0.09686865
0.0
0.22229728
0.10405136
0.13295214
0.09274537
0.0
0.0016689375
0.11076258
0.0
0.07913577
0.0
0.0
0.0
0.21684444
0.0
0.14454587
0.30773112
0.0
0.079260275
0.0
0.0
0.0
0.006919503
0.0
0.0
0.0
0.003889204
0.0
0.09968934
0.12236832
0.0
0.3341229
0.0
0.10475667
0.22848542
0.10309708
0.0
0.029736424
0.0
0.043825805
0.02252103
0.20494126
0.22552203
0.110145204
0.15328899
0.05042579
0.05764174
0.14713055
0.17471334
0.0
0.013988446
0.0
0.13741496
0.0
0.0
0.13744883
0.0
0.18046871
0.0
0.0
0.0
0.0
0.18549196
0.2008554
0.0
0.06465638
0.123282894
0.0
0.24888566
0.0
0.0
0.0
0.062276535
0.010330342
0.05265329
0.0
0.04332117
0.17449038
0.0
0.019519463
0.050228983
0.0
0.0
0.0
0.0
0.002895167
0.0
0.28280067
0.019297281
0.0043036193
0.057595268
0.2614924
0.0
0.093759395
0.13466468
0.050007142
0.07951309
0.1745434
0.0
0.0
0.0
0.025467902
0.0
0.20429972
0.064067096
0.32012904
0.16226304
0.0
0.086433955
0.11832124
0.25299114
0.114693224
0.05099656
0.02063793
0.22838321
0.0
0.12447224
0.032666795
0.039541617
0.07401335
0.0
0.12076673
0.13214995
0.0
0.14709036
0.023380836
0.18968746
0.0
0.0
0.0
0.14605458
0.0
0.0
0.0
0.0
0.10491748
0.0
0.0
0.0
0.0
0.22422138
0.013155804
0.15252647
0.0
0.008612263
0.0
0.0
0.0
0.0
0.0
0.0
0.066041976
0.0
0.0
0.0
0.0
0.0
0.01806415
0.0
0.17613584
0.0219705
0.0
0.0
0.0
0.09367474
0.10580116
0.0
0.07608428
0.0
0.029652396
0.04695073
0.03571783
0.1608582
0.050015077
0.0750477
0.0625181
0.11800389
0.08824092
0.10092128
0.03793986
0.0
0.0
0.07325357
0.0
0.013169052
0.20795791
0.0
0.17220536
0.023573618
0.07338222
0.0
0.0
0.18024687
0.0
0.103656985
0.10585833
0.13149646
0.06716148
0.0
0.0
0.15424567
0.0
0.31087646
0.0
0.0
0.0
0.0
0.023001973
0.0
0.120566815
0.0
0.0
0.0
0.0015838835
0.0
0.0
0.0
0.16133654
0.0
0.077457964
0.045145888
0.09666803
0.0
0.046650507
0.0
0.025439443
0.0
0.1356385
0.10361849
0.022429017
0.0
0.051224705
0.1178536
0.10544781
0.25890255
0.0
0.0
0.0
0.0
0.0
0.020949144
0.068643235
0.08571048
0.0
0.031659633
0.16369653
0.02069297
0.26917508
0.0
0.0
0.028060758
0.0
0.09745979
0.0
0.08579921
0.038116116
0.0
0.03441642
0.0
0.0
0.0
0.060795836
0.0
0.0
0.0
0.11595844
0.033126824
0.010347033
0.0
0.0
0.039130915
0.05199859
0.0
0.0
0.0726375
0.0
0.073475376
0.0148025965
0.0
0.0
0.16654086
0.096715115
0.05668276
0.0065895077
0.0
0.20053701
0.0
0.043028697
0.0
0.2722798
0.027235342
0.0
0.0
0.17114517
0.0
0.0
0.0
0.057299983
0.15795693
0.0
0.0
0.038242333
0.20315933
0.0
0.06489397
0.01551764
0.0
0.2527265
0.0
0.0
0.011130142
0.20627551
0.046247646
0.0
0.11903989
0.0
0.18277149
0.0
0.11205126
0.1985343
0.0
0.0
0.0
0.0008106511
0.0
0.0823582
0.0
0.22887108
0.0
0.15255827
0.0
0.18769136
0.10482861
0.24173246
0.0
0.0
0.008571478
0.30425578
0.0
0.15628725
0.007926883
0.0
0.0
0.0
0.16695166
0.17926195
0.10632843
0.07482442
0.0
0.002444135
0.029764656
0.072728164
0.028501082
0.0
0.053642824
0.073659316
0.0
0.0
0.0
0.009373603
0.0
0.0
0.0
0.043324035
0.0
0.0
0.051011156
0.08664789
0.006818193
0.0
0.0
0.024568561
0.0
0.10454323
0.047839344
0.0
0.10728355
0.0
0.0
0.03883157
0.009220649
0.0
0.0
0.0
0.041723832
0.013128646
0.0
0.0043909308
0.0
0.004291419
0.0
0.0013116202
0.04726683
0.0
0.0
0.07453828
0.0
0.0283187
0.0
0.16253984
0.030746523
0.060241494
0.0
0.0
0.0
0.0
0.0
0.0
0.0
0.0
0.0
0.019004254
0.0
0.0
0.0
0.09050406
0.079273164
0.07179269
0.102119155
0.0
0.0
0.0
0.119065486
0.0
0.25675833
0.0
0.0
0.009241917
0.0
0.23761724
0.0
0.0
0.09039785
0.02188983
0.0
0.07603359
0.0
0.0
0.039151955
0.0
0.0
0.0
0.0
0.0
0.2247839
0.0
0.0
0.09070473
0.14404579
0.13669933
0.16142221
0.008620686
0.14901066
0.0
0.1181559
0.0
0.0
0.17888941
0.06837526
0.14004114
0.0
0.0
0.0
0.13013464
0.0
0.16414976
0.15356408
0.15937574
0.187053
0.026864313
0.11128065
0.0
0.0
0.0
0.07141046
0.05717389
0.0
0.0
0.022667866
0.0
0.05086376
0.06551486
0.0
0.0
0.15121275
0.0037211003
0.14175205
0.0
0.0
0.0
0.04536072
0.0
0.0
0.019685863
0.3456159
0.09333787
0.12161966
0.025003038
0.0
0.039759204
0.048290856
0.0
0.06672137
