0.0
0.0
0.18331641
0.037679
0.0
0.028341684
0.06390381
0.0
0.06033051
0.22519769
0.0
0.078446664
0.0
0.43022895
0.0
0.028725535
0.0
0.0
0.0
0.19839756
0.02290387
0.047778655
0.01268438
0.0
0.12960885
0.0
0.0
0.15940101
0.0
0.0
0.0
0.0
0.0037332997
0.038342122
0.22527103
0.048692435
0.08060233
0.15746343
0.1675774
0.0
0.0
0.0
0.0
0.0
0.15525545
0.0
0.0
0.17617282
0.16412677
0.0
0.0
0.0416535
0.0
0.019389216
0.0
0.0
0.0
0.12867291
0.086982325
0.19211584
0.07271768
0.06814579
0.0
0.0
0.04148852
0.094594166
0.0
0.08455153
0.0
0.0
0.09119155
0.0
0.0
0.0
0.002988724
0.011335244
0.0
0.13763052
0.07178812
0.17171314
0.14623626
0.043670394
0.0
0.0
0.20915195
0.0
0.110283
0.0
0.06279822
0.10570943
0.16245537
0.0
0.12745859
0.04361766
0.0
0.07177957
0.09666747
0.0
0.2215927
0.104912356
0.13273871
0.09283836
0.0
0.0021424312
0.11118872
0.0
0.079976626
0.0
0.0
0.0
0.21671885
0.0
0.14359482
0.30714834
0.0
0.07835597
0.0
0.0
0.0
0.008372676
0.0
0.0
0.0
0.0026478255
0.0
0.098903134
0.12249452
0.0
0.33317086
0.0
0.10346991
0.22826451
0.10106551
0.0
0.03071938
0.0
0.04386203
0.02168971
0.20531192
0.22625206
0.10915992
0.15305524
0.049693275
0.05853221
0.14581108
0.1739857
0.0
0.014204076
0.0
0.13810731
0.0
0.0
0.13705286
0.0
0.18093097
0.0
0.0
0.0
0.0
0.18799189
0.20096028
0.0
0.06669323
0.12182382
0.0
0.24729346
0.0
0.0
0.0
0.060143344
0.011462376
0.0518305
0.0
0.042858686
0.17554916
0.0
0.020096466
0.050874844
0.0
0.0
0.0
0.0
0.0032104584
0.0
0.28349933
0.018059941
0.003917072
0.05803085
0.26232967
0.0
0.09401524
0.1348777
0.050189383
0.079073094
0.17350215
0.0
0.0
0.0
0.027060393
0.0
0.20471466
0.06371161
0.32094184
0.1636832
0.0
0.08513181
0.11750807
0.25319687
0.11451086
0.05125049
0.021117544
0.22982828
0.0
0.12385779
0.032531098
0.038589478
0.075319774
0.0
0.1191939
0.13269107
0.0
0.14779523
0.023024298
0.18965214
0.0
0.0
0.0
0.14603347
0.0
0.0
0.0
0.0
0.106262244
0.0
0.0
0.0
0.0
0.22290736
0.014574273
0.15331762
0.0
0.010211154
0.0
0.0
0.0
0.0
0.0
0.0
0.06610879
0.0
0.0
0.0
0.0
0.0
0.018441433
0.0
0.17700766
0.021385523
0.0
0.0
0.0
0.09594984
0.10567793
0.0
0.076860674
0.0
0.029720569
0.04634534
0.035840668
0.16025966
0.051069245
0.074722804
0.062539466
0.1183727
0.08796863
0.09908926
0.036608238
0.0
0.0
0.07367945
0.0
0.013258022
0.20629045
0.0
0.17204493
0.024786016
0.072970174
0.0
0.0
0.17998524
0.0
0.10275354
0.10695427
0.1317503
0.06818882
0.0
0.0
0.15384677
0.0
0.31017986
0.0
0.0
0.0
0.0
0.023547158
0.0
0.119663335
0.0
0.0
0.0
0.0036763493
0.0
0.0
0.0
0.16113688
0.0
0.076818086
0.045498304
0.097272374
0.0
0.046490293
0.0
0.023870405
0.0
0.1356621
0.10331764
0.021430017
0.0
0.049227927
0.11856332
0.10429919
0.25926355
0.0
0.0
0.0
0.0
0.0
0.022108797
0.070038676
0.08637896
0.0
0.03131284
0.16528817
0.01921843
0.26811892
0.0
0.0
0.028879829
0.0
0.096735425
0.0
0.08626501
0.037850823
0.0
0.032938972
0.0
0.0
0.0
0.060518503
0.0
0.0
0.0
0.11546425
0.033381175
0.008793185
0.0
0.0
0.039332703
0.05310099
0.0
0.0
0.07201504
0.0
0.07305812
0.014919778
0.0
0.0
0.167438
0.09610276
0.056044925
0.00821233
0.0
0.2013413
0.0
0.043092392
0.0
0.2708657
0.027964925
0.0
0.0
0.17164153
0.0
0.0
0.0
0.05714043
0.15681015
0.0
0.0
0.038673073
0.20249075
0.0
0.06625624
0.016147938
0.0
0.253
0.0
0.0
0.011970898
0.20717368
0.04569988
0.0
0.11868347
0.0
0.18445674
0.0
0.11115669
0.19751051
0.0
0.0
0.0
0.0009776149
0.0
0.08453973
0.0
0.2296997
0.0
0.1526779
0.0
0.18743002
0.10541495
0.2415292
0.0
0.0
0.00876034
0.30442742
0.0
0.15656471
0.0072048903
0.0
0.0
0.0
0.16638851
0.17927451
0.10833931
0.07507912
0.0
0.0026955195
0.031616725
0.07224673
0.026124459
0.0
0.053901404
0.07444073
0.0
0.0
0.0
0.009634189
0.0
0.0
0.0
0.043109853
0.0
0.0
0.050476715
0.08713913
0.0053694807
0.0
0.0
0.023257747
0.0
0.10516038
0.047160476
0.0
0.10756897
0.0
0.0
0.039180417
0.007552121
0.0
0.0
0.0
0.042753574
0.012630701
0.0
0.004484728
0.0
0.0046364423
0.0
0.0028419043
0.046878565
0.0
0.0
0.07364524
0.0
0.029341858
0.0
0.16240953
0.03283924
0.05994786
0.0
0.0
0.0
0.0
0.0
0.0
0.0
0.0
0.0
0.01837091
0.0
0.0
0.0
0.09240638
0.0803486
0.0714836
0.10059308
0.0
0.0
0.0
0.12070116
0.0
0.2559681
0.0
0.0
0.0074539175
0.0
0.23711798
0.0
0.0
0.091237776
0.023990344
0.0
0.07674209
0.0
0.0
0.0393032
0.0
0.0
0.0
0.0
0.0
0.22450753
0.0
0.0
0.091592535
0.14606768
0.13795757
0.161025
0.009540064
0.14757648
0.0
0.11850289
0.0
0.0
0.17895079
0.06807854
0.13886937
0.0
0.0
0.0
0.13052048
0.0
0.16573812
0.1526194
0.15924944
0.18757734
0.025539652
0.11165112
0.0
0.0
0.0
0.07158746
0.05678173
0.0
0.0
0.022523783
0.0
0.050093964
0.06732482
0.0
0.0
0.15050936
0.0051756697
0.1413378
0.0
0.0
0.0
0.044451922
0.0
0.0
0.017951861
0.34489548
0.09301162
0.12204061
0.026332177
0.0
0.037696697
0.047956396
0.0
0.066650465
