0.0
0.0
0.17773667
0.03809859
0.0
0.025674168
0.06489687
0.0
0.061962128
0.22546735
0.0
0.078668095
0.0
0.42763793
0.0
0.03184368
0.0
0.0
0.0
0.19423921
0.022027012
0.04829643
0.011293534
0.0
0.1313443
0.0
0.0
0.15693006
0.0
0.0
0.0
0.0
0.0026630796
0.03860166
0.22415309
0.0498443
0.082535125
0.15620106
0.16448833
0.0
0.0
0.0
0.0
0.0
0.15450099
0.0
0.0
0.17484762
0.16318691
0.0
0.0
0.040670298
0.0
0.020444408
0.0
0.0
0.0
0.1288566
0.08603474
0.19177143
0.06680307
0.06893945
0.0
0.0
0.04159031
0.09400128
0.0
0.085267864
0.0
0.0
0.09211052
0.0
0.0
0.0
0.0009640865
0.011265283
0.0
0.13797192
0.07213955
0.16952072
0.14541726
0.043590542
0.0
0.0
0.20404874
0.0
0.11289326
0.0
0.0613471
0.107636996
0.16245808
0.0
0.1315774
0.044203512
0.0
0.075932175
0.09632998
0.0
0.22231705
0.103130236
0.1327236
0.092719704
0.0
0.0011814237
0.112221695
0.0
0.07962777
0.0
0.0
0.0
0.2191089
0.0
0.14230528
0.30867627
0.0
0.079556055
0.0
0.0
0.0
0.006269371
0.0
0.0
0.0
0.0038869288
0.0
0.098049335
0.12258254
0.0
0.33369452
0.0
0.10640496
0.22973222
0.10197131
0.0
0.030095547
0.0
0.04260324
0.02067771
0.2064298
0.22416076
0.11033566
0.15261258
0.05066554
0.055722207
0.14810155
0.17452344
0.0
0.014219688
0.0
0.13777249
0.0
0.0
0.13781916
0.0
0.17969519
0.0
0.0
0.0
0.0
0.18497264
0.2024348
0.0
0.06418876
0.124460384
0.0
0.24873404
0.0
0.0
0.0
0.06321713
0.009692529
0.050602444
0.0
0.04410671
0.17408524
0.0
0.018252034
0.04976165
0.0
0.0
0.0
0.0
0.0016138351
0.0
0.2828523
0.019202953
0.0054714475
0.059095852
0.26398557
0.0
0.09426989
0.13519347
0.04930073
0.07929699
0.17362303
0.0
0.0
0.0
0.025724486
0.0
0.20368452
0.062457442
0.3205982
0.16206267
0.0
0.08864278
0.11949779
0.2519475
0.11453999
0.053027786
0.019951677
0.2277874
0.0
0.12464038
0.03233209
0.041117165
0.074985325
0.0
0.12336971
0.13229214
0.0
0.14665158
0.025546452
0.18895993
0.0
0.0
0.0
0.14481087
0.0
0.0
0.0
0.0
0.10392322
0.0
0.0
0.0
0.0
0.22436456
0.012253797
0.15136655
0.0
0.0064203483
0.0
0.0
0.0
0.0
0.0
0.0
0.06510241
0.00056688674
0.0
0.0
0.0
0.0
0.019753966
0.0
0.17657498
0.022369731
0.0
0.0
0.0
0.09246201
0.10577571
0.0
0.074992396
0.0
0.02988901
0.04821858
0.034206085
0.15968925
0.05061827
0.07604547
0.06327335
0.11993547
0.08635315
0.101318516
0.037298985
0.0
0.0
0.07446189
0.0
0.0133276265
0.20977567
0.0
0.1717766
0.022482611
0.07341673
0.0
0.0
0.17895974
0.0
0.10559959
0.10544794
0.13204595
0.06633817
0.0
0.0
0.15376051
0.0
0.3111237
0.0
0.0
0.0
0.0
0.02282767
0.0
0.11967016
0.0
0.0
0.0
0.0
0.0
0.0
0.0
0.16319488
0.0
0.07686676
0.042772822
0.09689932
0.0
0.0473817
0.0
0.026855608
0.0
0.13728635
0.10322136
0.021812338
0.0
0.05408571
0.11786024
0.10740965
0.2580951
0.0
0.0
0.0
0.0
0.0
0.019951534
0.0670789
0.083933115
0.0
0.03325984
0.16172577
0.022849271
0.26943573
0.0
0.0
0.02724912
0.0
0.0992991
0.0
0.086584106
0.03951627
0.0
0.033864915
0.0
0.0
0.0
0.062070712
0.0
0.0
0.0
0.11426625
0.03494751
0.012061455
0.0
0.0
0.037509397
0.05018726
0.0
0.0
0.07246304
0.0
0.073111795
0.014947083
0.0
0.0
0.16507603
0.09844573
0.057630837
0.006129548
0.0
0.19935454
0.0
0.044997368
0.0
0.27490962
0.025962671
0.0
0.0
0.17078555
0.0
0.0
0.0
0.056912765
0.15810725
0.0
0.0
0.03716755
0.20315519
0.0
0.0632399
0.0157184
0.0
0.25178915
0.0
0.0
0.008668219
0.20369238
0.047114193
0.0
0.1173507
0.0
0.18199126
0.0
0.115573004
0.1991509
0.0
0.0
0.0
0.0
0.0
0.08181816
0.0
0.2294122
0.0
0.15409507
0.0
0.1902945
0.104167625
0.24008745
0.0
0.0
0.007285537
0.30543262
0.0
0.1557146
0.0100992005
0.0
0.0
0.0
0.16726373
0.18069698
0.104825206
0.074137814
0.0
0.0015411237
0.028407235
0.073984765
0.029037502
0.0
0.05467934
0.07356177
0.0
0.0
0.0
0.010061679
0.0
0.0
0.0
0.044090595
0.0
0.0
0.050010994
0.087149695
0.006983527
0.0
0.0
0.025398526
0.0
0.10595248
0.049793158
0.0
0.106242664
0.0
0.0
0.040627345
0.008947644
0.0
0.0
0.0
0.041364595
0.014344796
0.0
0.0049862377
0.0
0.0058316933
0.0
0.0006017061
0.04847012
0.0
0.0
0.074673675
0.0
0.029836167
0.0
0.16382368
0.0312975
0.059542667
0.0
0.0
0.0
0.0
0.0
0.0
0.0
0.0
0.0
0.018927587
0.0
0.0
0.0
0.09313674
0.07717904
0.071906485
0.1016951
0.0
0.0
0.0
0.120623425
0.0
0.2556966
0.0
0.0
0.011314857
0.0
0.23694968
0.0
0.0
0.091998704
0.020556632
0.0
0.0762321
0.0
0.0
0.040996827
0.0
0.0
0.0
0.0
0.0
0.22538999
0.0
0.0
0.088242725
0.14257896
0.13554013
0.16237657
0.00953879
0.15053105
0.0
0.11928876
0.0
0.0
0.17875747
0.06740894
0.14104092
0.0
0.0
0.0
0.1281942
0.0
0.16493163
0.155907
0.1586254
0.18541647
0.024319123
0.113670506
0.0
0.0
0.0
0.07184456
0.059756782
0.0
0.0
0.02188798
0.0
0.049978398
0.06397854
0.0
0.0
0.15274046
0.0019399151
0.13992928
0.0
0.0
0.0
0.047435645
0.0
0.0
0.017522525
0.346361
0.0947848
0.121735014
0.023032624
0.0
0.039942347
0.04572719
0.0
0.06646766
