0.56847745
3.6512804
4.011987
0.7683033
0.52051973
1.0796769
4.069261
0.27392673
1.1858294
4.2794333
0.0
2.0741465
0.40610155
4.2315507
1.4421281
3.8096046
3.4861062
1.510392
14.025981
4.0244837
4.0296574
0.96851665
0.9817872
0.0
4.229614
1.6745105
0.0
3.728385
1.9074577
0.0
0.7570001
0.38512668
3.6172593
4.0564885
3.762754
1.7885499
3.589176
2.769687
4.0276465
1.0948058
3.5401957
13.477772
0.64656526
0.31354016
3.8874044
2.5837114
1.2105486
3.9428468
4.0647006
1.4951392
1.568804
0.06488291
1.5642524
3.912413
3.1031096
1.663921
0.876175
4.198751
3.2910883
2.0637193
4.070309
3.9792984
0.7837398
1.7365334
1.6035043
2.7237487
0.0
3.8390472
1.3626043
0.7215364
3.7463596
0.7497664
0.0
0.0
0.35854316
1.0678351
1.1117463
2.194305
3.8800912
4.0620527
4.0451517
1.0380392
13.776632
5.668538
1.247983
1.5817074
4.124779
1.4818233
4.0552893
3.9961467
4.220342
1.353291
4.1505914
1.743542
0.52414
3.7002602
3.8789697
3.4794314
2.531447
3.3219965
3.478361
3.89345
1.0944254
0.6151436
3.7058923
1.8099327
3.766791
0.52822846
0.0
0.6619426
2.790022
1.4035124
4.0268664
4.3107734
1.3427409
4.0790286
1.6861231
0.6398426
1.1726962
3.4834712
0.49163866
1.0688112
0.0
3.4644911
0.0
4.1313
2.257903
1.2331883
4.3709416
1.8480257
3.8289988
4.2242837
3.7133565
0.0
0.75271004
1.468881
3.5697513
3.5698
3.5559568
4.0064716
1.573767
4.0084834
3.8777037
1.6604277
3.9675152
3.6889231
0.09151593
3.3048499
2.4232635
2.810876
3.4836383
0.9457573
4.134038
2.5682998
4.110582
0.0
0.4248143
1.7650067
1.0122639
4.0078387
4.212071
1.8309845
0.7134014
1.290839
0.46609095
4.0088086
0.934231
0.5912803
0.6944165
3.6662338
4.020278
0.94790256
0.87672794
1.4312582
1.6249875
0.0
0.58802414
3.795813
3.2380786
1.1728636
0.60551554
0.38747916
3.6038356
0.46372864
3.9648223
3.3516865
1.0274823
2.0200942
4.275727
0.70323104
4.0435104
2.1068268
0.76693565
3.8595467
3.966675
0.69018555
0.90544194
0.0
2.2011735
0.95615417
3.9200702
1.2144457
2.994462
4.0297294
0.8114188
3.6962032
2.4289644
4.3294306
3.9938495
3.8278186
3.6388185
3.640281
0.4483514
3.749219
3.7616966
1.0987349
3.234402
0.4127788
2.9688814
3.87394
1.0280535
1.2099224
1.871496
3.8578885
0.16751163
1.4466431
0.28123775
1.6337647
0.76607746
0.0
0.5202249
1.0897348
4.461257
1.4523485
1.5449413
1.0862561
0.0
3.6354976
1.8868502
3.910458
0.0
1.2391211
0.0
3.5686166
0.72435373
0.9852376
0.0
3.9049294
3.62956
2.3618588
0.0
3.7645402
0.75587106
0.57563424
0.9378645
0.7730855
4.0584636
0.48665416
1.1415496
0.80848104
1.9937876
0.97152555
1.1774713
1.4310726
3.8934503
0.0
3.8901937
0.68527937
1.6773924
2.9258168
3.3731458
3.9534452
2.501001
3.9769325
3.912345
0.94274145
1.7287207
1.3287117
0.34299102
2.7308898
0.5736627
3.9015086
4.0639176
0.5277893
4.1325126
1.2416745
1.4104029
0.6391915
0.46905968
4.1752796
1.5789706
3.6989768
3.872875
4.0768113
1.1039333
1.18902
0.82989025
2.9607038
3.2109203
4.0747566
0.0
0.9600955
0.0
1.0629361
2.4411895
0.7624458
1.3941444
0.59212446
0.0
0.9495331
3.7370794
3.8452892
1.2994916
0.69644874
4.216232
1.2996848
4.003452
3.709076
2.9153085
0.80751556
3.7944782
0.75965184
0.9032863
0.0
3.9908202
3.7942085
3.70175
0.8222538
3.7265115
4.157243
3.7470846
3.0202775
0.53555846
0.0
0.0
0.4724865
0.4660869
1.632579
0.7564116
4.0668564
1.5148964
3.212912
3.7661638
3.0538568
4.2702403
3.421289
3.6657355
3.1983387
0.0
2.8613276
0.5191055
3.7190864
2.3471546
0.0
3.4622295
0.82563204
0.0
0.9541705
1.0031482
0.9488417
0.6716836
4.0182595
3.72202
0.6077918
3.798547
1.2751418
0.50140506
1.8404903
1.2657743
0.8852165
0.56287634
1.497725
0.59389037
2.3750768
1.2961061
4.518907
1.057866
2.6656034
1.2552171
3.584696
2.5431106
0.0
4.0592985
0.0
2.7464938
0.6389246
4.057313
0.6190486
0.74230164
0.14050351
3.442527
1.0572968
3.9693604
0.0
1.6279019
1.936512
1.6963608
7.193703
3.7347395
4.301583
0.56360644
3.8530788
1.4574716
0.0
3.526373
0.8314408
1.109087
3.8880038
2.368318
0.7411549
3.9376705
1.8750737
0.0
3.853557
0.3026104
3.798391
4.0392747
1.0746671
0.64560497
0.0
2.4828498
0.0
2.9676576
2.0202131
4.1433887
0.59651285
4.125943
0.976874
3.7248716
4.006941
4.2570424
0.7679544
3.6471019
3.796331
3.7292619
1.2594477
2.4253182
3.8668258
0.9141167
0.0
0.72891283
4.153684
1.1171393
2.776623
2.0742602
2.81585
2.8821874
0.8768479
1.4567399
3.5973225
0.7681923
1.0102835
3.7769604
0.58452654
0.3135438
1.5111274
0.1281798
0.8329355
5.2278214
0.69888973
1.834703
0.68597215
1.6855792
3.4655068
3.9397218
3.5796678
0.0
3.1584175
3.662402
0.66339695
3.6585233
3.6820097
1.2356665
3.9060466
0.0
0.0
3.8962138
1.2786895
0.0
0.7113091
1.2494714
3.7289026
1.146763
3.4018831
1.1501644
1.4130523
3.7385094
0.90354115
3.2158515
2.828197
1.1701765
3.6393151
3.760204
0.0
3.669111
0.0
3.8524024
1.8628907
3.553725
0.0
1.7591254
0.0
0.60747886
0.943995
4.614876
0.0
0.0
1.5765893
3.4922833
0.5834416
0.77052486
1.5558186
1.3835675
1.052432
3.603185
3.8331008
3.3049817
3.6384976
1.0108141
2.7075589
0.6220756
2.4123313
0.9772357
3.4871535
1.0151907
0.31859735
4.1051364
1.3120679
0.7793729
4.0085654
3.4562755
1.7145609
2.211633
1.4306169
0.9305554
3.4988933
0.8080929
0.74991983
0.6326688
0.8581143
1.0217576
3.6719213
0.81668097
1.2787653
1.7800449
1.2100841
2.3609426
3.9883473
3.7937768
3.8067281
1.264809
3.891819
4.5054746
0.59970564
4.3014436
2.5148122
3.9003618
0.94992155
6.3235607
0.47342563
1.6288091
0.29953602
1.8808198
2.4757175
2.3484497
3.9683795
3.1718256
3.9257522
0.576715
0.3974039
2.3109493
3.6758652
0.6926315
0.9543143
1.9244295
0.7132204
0.8104216
3.4379547
3.1914463
1.271887
3.5310938
4.19243
3.6025774
3.6668282
0.65396255
0.9606493
1.0351093
1.1167192
1.5473127
3.6655567
1.3340198
4.0269504
3.7697737
3.6805267
3.8936644
0.0
3.8851213
1.1149199
3.739385
3.5808492
