0.0
0.0
0.17902905
0.03757786
0.0
0.025747243
0.06481996
0.0
0.061333127
0.22556007
0.0
0.07800538
0.0
0.42788833
0.0
0.030516258
0.0
0.0
0.0
0.19571555
0.022231227
0.048778478
0.011997787
0.0
0.13086966
0.0
0.0
0.15784188
0.0
0.0
0.0
0.0
0.0031692274
0.038376495
0.22454827
0.050142042
0.08220968
0.1561885
0.1652779
0.0
0.0
0.0
0.0
0.0
0.15447524
0.0
0.0
0.17455234
0.16349015
0.0
0.0
0.04132341
0.0
0.020562835
0.0
0.0
0.0
0.12927584
0.08673745
0.19164367
0.06816933
0.06958987
0.0
0.0
0.04156082
0.09429242
0.0
0.08482429
0.0
0.0
0.092383064
0.0
0.0
0.0
0.0011642296
0.011257176
0.0
0.13775045
0.07223619
0.1701789
0.14556457
0.043734916
0.0
0.0
0.20509057
0.0
0.112905554
0.0
0.06130088
0.106917724
0.16246334
0.0
0.13078576
0.04449593
0.0
0.07470209
0.09658558
0.0
0.22223869
0.103535764
0.13280056
0.092695266
0.0
0.0015892666
0.111666776
0.0
0.07947157
0.0
0.0
0.0
0.21813224
0.0
0.14307669
0.30823594
0.0
0.07948804
0.0
0.0
0.0
0.0064245947
0.0
0.0
0.0
0.003940803
0.0
0.098697685
0.122375384
0.0
0.33385792
0.0
0.10573216
0.22917622
0.10245467
0.0
0.029907987
0.0
0.043384742
0.021466246
0.20582578
0.22469774
0.11022405
0.15278706
0.050498195
0.056377478
0.14802285
0.17470822
0.0
0.014255009
0.0
0.13767605
0.0
0.0
0.13763697
0.0
0.17995925
0.0
0.0
0.0
0.0
0.18500555
0.202014
0.0
0.06430576
0.12392563
0.0
0.24888752
0.0
0.0
0.0
0.062895775
0.009887192
0.05138815
0.0
0.043764025
0.17406142
0.0
0.018669028
0.04994962
0.0
0.0
0.0
0.0
0.0021782152
0.0
0.2824952
0.019286748
0.004998751
0.058357906
0.26282623
0.0
0.09416542
0.13512732
0.04974189
0.079530805
0.17403662
0.0
0.0
0.0
0.025636867
0.0
0.20392822
0.06318091
0.32047597
0.1622948
0.0
0.087733425
0.118930265
0.25241733
0.1145594
0.052278027
0.020217272
0.22802755
0.0
0.124682896
0.032520823
0.040357318
0.07468439
0.0
0.12241254
0.13223718
0.0
0.14679916
0.02464232
0.18928939
0.0
0.0
0.0
0.14525883
0.0
0.0
0.0
0.0
0.10439071
0.0
0.0
0.0
0.0
0.22424787
0.012783103
0.15166515
0.0
0.007364476
0.0
0.0
0.0
0.0
0.0
0.0
0.06539872
7.303059e-05
0.0
0.0
0.0
0.0
0.019194268
0.0
0.17632085
0.022204196
0.0
0.0
0.0
0.09295944
0.10561324
0.0
0.075328685
0.0
0.029813632
0.04778842
0.0345625
0.16015004
0.050550565
0.0756561
0.06293602
0.11897605
0.086962566
0.10126487
0.037349343
0.0
0.0
0.073937185
0.0
0.013396901
0.2091238
0.0
0.17175502
0.022919185
0.073292114
0.0
0.0
0.17943442
0.0
0.10506248
0.105460025
0.13190866
0.06675488
0.0
0.0
0.15395185
0.0
0.31092468
0.0
0.0
0.0
0.0
0.022961188
0.0
0.11994457
0.0
0.0
0.0
0.0006090421
0.0
0.0
0.0
0.16256015
0.0
0.07708958
0.04373332
0.09683837
0.0
0.047188606
0.0
0.026440289
0.0
0.13678816
0.10329632
0.02198826
0.0
0.053120397
0.117805526
0.106524855
0.25836346
0.0
0.0
0.0
0.0
0.0
0.020133724
0.06758949
0.08477845
0.0
0.03261754
0.16248962
0.021885091
0.26924315
0.0
0.0
0.027459765
0.0
0.09859604
0.0
0.086359456
0.03899531
0.0
0.034093183
0.0
0.0
0.0
0.061600532
0.0
0.0
0.0
0.115124926
0.034178928
0.011360236
0.0
0.0
0.03823674
0.050776765
0.0
0.0
0.072542936
0.0
0.073347025
0.014905253
0.0
0.0
0.16580984
0.097728476
0.05729919
0.0064003207
0.0
0.1998402
0.0
0.044351827
0.0
0.27368128
0.026589256
0.0
0.0
0.17099608
0.0
0.0
0.0
0.057059254
0.15791297
0.0
0.0
0.037620544
0.2030737
0.0
0.0638348
0.015438347
0.0
0.25221717
0.0
0.0
0.009623945
0.20477392
0.04675962
0.0
0.11805439
0.0
0.18233885
0.0
0.11419313
0.19904643
0.0
0.0
0.0
6.208569e-05
0.0
0.08215447
0.0
0.22911331
0.0
0.15343523
0.0
0.18910253
0.10452774
0.2405282
0.0
0.0
0.0076063685
0.3050677
0.0
0.1556694
0.009215874
0.0
0.0
0.0
0.16710317
0.18013881
0.10530786
0.07426712
0.0
0.0019269269
0.028931657
0.073540956
0.02898763
0.0
0.054225273
0.07351409
0.0
0.0
0.0
0.009923997
0.0
0.0
0.0
0.04365079
0.0
0.0
0.050387602
0.08700836
0.0068464987
0.0
0.0
0.025116306
0.0
0.10531434
0.04916442
0.0
0.10674999
0.0
0.0
0.040019657
0.00900389
0.0
0.0
0.0
0.04158955
0.013880262
0.0
0.00470433
0.0
0.00525132
0.0
0.00084593287
0.047910865
0.0
0.0
0.07464668
0.0
0.029181179
0.0
0.1632989
0.031063672
0.059813887
0.0
0.0
0.0
0.0
0.0
0.0
0.0
0.0
0.0
0.018887658
0.0
0.0
0.0
0.09197495
0.077824086
0.0718117
0.10177726
0.0
0.0
0.0
0.12003177
0.0
0.2560514
0.0
0.0
0.010571449
0.0
0.23736677
0.0
0.0
0.091244414
0.02100487
0.0
0.075991176
0.0
0.0
0.040123038
0.0
0.0
0.0
0.0
0.0
0.22536191
0.0
0.0
0.08938497
0.14317125
0.13578963
0.16194429
0.009156669
0.1500479
0.0
0.11883246
0.0
0.0
0.1786546
0.0677953
0.14071009
0.0
0.0
0.0
0.1291403
0.0
0.16460955
0.15497799
0.15901859
0.18608311
0.025228474
0.11265424
0.0
0.0
0.0
0.07160962
0.058824427
0.0
0.0
0.022170868
0.0
0.050277427
0.06448652
0.0
0.0
0.15194412
0.0027026217
0.14062263
0.0
0.0
0.0
0.046470433
0.0
0.0
0.018329524
0.34617937
0.0942502
0.121582046
0.023906931
0.0
0.03984423
0.046720766
0.0
0.06639797
