0.0
0.0
0.18013929
0.03902258
0.0
0.027852137
0.06419357
0.0
0.061812915
0.22502413
0.0
0.079669654
0.0
0.42975307
0.0
0.031124908
0.0
0.0
0.0
0.19497994
0.022459721
0.046443544
0.010896565
0.0
0.1308707
0.0
0.0
0.1574564
0.0
0.0
0.0
0.0
0.0026380569
0.038875166
0.22415751
0.048046492
0.081748195
0.15725815
0.16562258
0.0
0.0
0.0
0.0
0.0
0.15537465
0.0
0.0
0.176963
0.1636703
0.0
0.0
0.040250137
0.0
0.019162232
0.0
0.0
0.0
0.12778339
0.085210204
0.19246918
0.06963274
0.06684491
0.0
0.0
0.041521862
0.09395063
0.0
0.08550964
0.0
0.0
0.09072956
0.0
0.0
0.0
0.0025350899
0.0113590285
0.0
0.13818863
0.07149803
0.17056277
0.14592065
0.043367773
0.0
0.0
0.20639536
0.0
0.11036832
0.0
0.062779516
0.10751903
0.16247213
0.0
0.12914814
0.04300866
0.0
0.074815795
0.09631939
0.0
0.22159708
0.10402936
0.13226557
0.09264049
0.0
0.0016617402
0.11259927
0.0
0.0803988
0.0
0.0
0.0
0.21887514
0.0
0.14177577
0.30834997
0.0
0.07871876
0.0
0.0
0.0
0.007846341
0.0
0.0
0.0
0.0023726327
0.0
0.0973048
0.12287456
0.0
0.332659
0.0
0.10472833
0.22962609
0.10012982
0.0
0.031225912
0.0
0.04245216
0.019891981
0.20695055
0.22503375
0.109225914
0.15262198
0.050298102
0.056714084
0.1462001
0.17363398
0.0
0.014356693
0.0
0.1382579
0.0
0.0
0.13761733
0.0
0.18024452
0.0
0.0
0.0
0.0
0.18759173
0.20215683
0.0
0.06650597
0.12299203
0.0
0.24710056
0.0
0.0
0.0
0.060835578
0.011084941
0.04988917
0.0
0.043617677
0.17532483
0.0
0.018896645
0.050360113
0.0
0.0
0.0
0.0
0.002083517
0.0
0.28378466
0.01787069
0.005086473
0.059619635
0.264654
0.0
0.09420772
0.13528356
0.049338635
0.07875919
0.17250428
0.0
0.0
0.0
0.027195815
0.0
0.20409621
0.0620867
0.32156715
0.1631819
0.0
0.08713319
0.11883886
0.25221097
0.11434331
0.05289232
0.020433173
0.22917743
0.0
0.123866946
0.032104287
0.040258765
0.07609141
0.0
0.1214938
0.13274477
0.0
0.14739758
0.025105512
0.18920285
0.0
0.0
0.0
0.14477067
0.0
0.0
0.0
0.0
0.10522721
0.0
0.0
0.0
0.0
0.22312444
0.013439905
0.15228121
0.0
0.008122332
0.0
0.0
0.0
0.0
0.0
0.0
0.06539086
0.00017007813
0.0
0.0
0.0
0.0
0.020106895
0.0
0.1774442
0.021685688
0.0
0.0
0.0
0.09488486
0.10577585
0.0
0.075828455
0.0
0.030052226
0.047396746
0.03466872
0.15922768
0.051458202
0.07557669
0.06324828
0.12031487
0.086377494
0.09943825
0.036100496
0.0
0.0
0.0746916
0.0
0.01349206
0.20807119
0.0
0.17174003
0.024047082
0.07327959
0.0
0.0
0.17891464
0.0
0.10420364
0.10656415
0.13221362
0.06727898
0.0
0.0
0.15331583
0.0
0.31048128
0.0
0.0
0.0
0.0
0.023185842
0.0
0.11873285
0.0
0.0
0.0
0.0018001385
0.0
0.0
0.0
0.162418
0.0
0.076389395
0.04331114
0.09756434
0.0
0.047142316
0.0
0.025061514
0.0
0.13719434
0.10331608
0.021073477
0.0
0.051633216
0.11878505
0.10637475
0.25860924
0.0
0.0
0.0
0.0
0.0
0.021430861
0.06879967
0.084784985
0.0
0.032722846
0.16363789
0.021157913
0.26839322
0.0
0.0
0.028460756
0.0
0.0983506
0.0
0.08695389
0.03911124
0.0
0.03252695
0.0
0.0
0.0
0.061669614
0.0
0.0
0.0
0.113812156
0.03484875
0.010316059
0.0
0.0
0.037776176
0.05155877
0.0
0.0
0.07188441
0.0
0.07264851
0.015277391
0.0
0.0
0.16607772
0.09781271
0.056785423
0.0076172138
0.0
0.20027019
0.0
0.04491943
0.0
0.27349514
0.026858848
0.0
0.0
0.17124134
0.0
0.0
0.0
0.056931958
0.15687217
0.0
0.0
0.037514023
0.202663
0.0
0.06498463
0.016785746
0.0
0.25209123
0.0
0.0
0.009643919
0.20495336
0.046816267
0.0
0.11710235
0.0
0.18371874
0.0
0.11443836
0.19797394
0.0
0.0
0.0
0.0
0.0
0.083851956
0.0
0.23011956
0.0
0.153867
0.0
0.190146
0.104661345
0.24039488
0.0
0.0
0.0076906485
0.305501
0.0
0.15662791
0.009465294
0.0
0.0
0.0
0.16678876
0.18048298
0.10698293
0.07466309
0.0
0.0020396644
0.030552823
0.073256485
0.02624077
0.0
0.054839987
0.07439328
0.0
0.0
0.0
0.0099643925
0.0
0.0
0.0
0.043929614
0.0
0.0
0.049347475
0.08741919
0.005450207
0.0
0.0
0.024052322
0.0
0.10655652
0.0485685
0.0
0.10638563
0.0
0.0
0.04092425
0.007332897
0.0
0.0
0.0
0.042325918
0.013783222
0.0
0.0049846377
0.0
0.006073393
0.0
0.0021861773
0.048142467
0.0
0.0
0.07370363
0.0
0.03061742
0.0
0.16400345
0.033281304
0.059292622
0.0
0.0
0.0
0.0
0.0
0.0
0.0
0.0
0.0
0.018290993
0.0
0.0
0.0
0.09501675
0.07857714
0.07142359
0.10052116
0.0
0.0
0.0
0.122040614
0.0
0.255274
0.0
0.0
0.009439315
0.0
0.23631777
0.0
0.0
0.09283712
0.02300286
0.0
0.07687276
0.0
0.0
0.040959653
0.0
0.0
0.0
0.0
0.0
0.22490998
0.0
0.0
0.089390405
0.14484711
0.13718525
0.16184948
0.01056697
0.1490305
0.0
0.11938437
0.0
0.0
0.17889811
0.067228645
0.14001304
0.0
0.0
0.0
0.12831812
0.0
0.16661389
0.15491834
0.1585162
0.18597278
0.023238858
0.11387547
0.0
0.0
0.0
0.07202552
0.059072606
0.0
0.0
0.02195735
0.0
0.049171373
0.06598739
0.0
0.0
0.15226218
0.0031752903
0.13966516
0.0
0.0
0.0
0.046376467
0.0
0.0
0.01611055
0.3457304
0.094354
0.122429065
0.02450854
0.0
0.038187753
0.045730375
0.0
0.066474736
