0.0
0.0
0.17682667
0.0380878
0.0
0.025702108
0.06476357
0.0
0.06259397
0.2253819
0.0
0.0792719
0.0
0.42773637
0.0
0.032641508
0.0
0.0
0.0
0.1928339
0.021813015
0.04737926
0.009931142
0.0
0.131938
0.0
0.0
0.15631244
0.0
0.0
0.0
0.0
0.0022797473
0.038671367
0.22347313
0.04951998
0.08350914
0.15638109
0.16315204
0.0
0.0
0.0
0.0
0.0
0.15460104
0.0
0.0
0.17583118
0.1632091
0.0
0.0
0.04020753
0.0
0.020597562
0.0
0.0
0.0
0.12818249
0.08550424
0.19218509
0.06561723
0.0682794
0.0
0.0
0.040963344
0.09393963
0.0
0.08565458
0.0
0.0
0.09183882
0.0
0.0
0.0
0.00087467395
0.011104145
0.0
0.13809031
0.07226541
0.16906764
0.14595501
0.04347216
0.0
0.0
0.20372376
0.0
0.11244328
0.0
0.06089799
0.10853034
0.16241843
0.0
0.13197571
0.043663077
0.0
0.07718743
0.09606737
0.0
0.22216807
0.102975026
0.1328202
0.092846915
0.0
0.001301242
0.11278573
0.0
0.07998133
0.0
0.0
0.0
0.2197834
0.0
0.1410679
0.30863395
0.0
0.079509005
0.0
0.0
0.0
0.006137565
0.0
0.0
0.0
0.0039520236
0.0
0.0973979
0.122425914
0.0
0.33349735
0.0
0.10701727
0.22994547
0.10121453
0.0
0.030162869
0.0
0.042674206
0.020037606
0.20680293
0.22376816
0.11030271
0.15209867
0.050261624
0.055138886
0.14895184
0.17460394
0.0
0.014526263
0.0
0.13817427
0.0
0.0
0.13772634
0.0
0.17943247
0.0
0.0
0.0
0.0
0.18497327
0.2033811
0.0
0.064074844
0.12453314
0.0
0.24859881
0.0
0.0
0.0
0.06342496
0.009422556
0.0497984
0.0
0.04427775
0.1737961
0.0
0.017843697
0.049789656
0.0
0.0
0.0
0.0
0.0012264817
0.0
0.282522
0.019113658
0.0057598725
0.05940504
0.26482546
0.0
0.09484419
0.13564827
0.049369253
0.0793989
0.17331277
0.0
0.0
0.0
0.026128545
0.0
0.20358561
0.062065113
0.32080024
0.16261959
0.0
0.089221865
0.119503744
0.2516884
0.114440925
0.054037802
0.0198352
0.227884
0.0
0.12486415
0.03233084
0.04125666
0.07570715
0.0
0.12420133
0.13250034
0.0
0.14657415
0.026126578
0.18858312
0.0
0.0
0.0
0.14444965
0.0
0.0
0.0
0.0
0.10391748
0.0
0.0
0.0
0.0
0.22411558
0.012562443
0.1508806
0.0
0.00599885
0.0
0.0
0.0
0.0
0.0
0.0
0.064588696
0.000999121
0.0
0.0
0.0
0.0
0.020431843
0.0
0.17676023
0.022494495
0.0
0.0
0.0
0.092315726
0.10549586
0.0
0.07463657
0.0
0.02991998
0.04876873
0.033302955
0.15914327
0.05132243
0.0764393
0.063486345
0.12034878
0.08539951
0.1013497
0.036601745
0.0
0.0
0.07501963
0.0
0.0134770125
0.21016778
0.0
0.17137353
0.022063805
0.07305752
0.0
0.0
0.17836393
0.0
0.10664394
0.105338916
0.13241096
0.06641231
0.0
0.0
0.15362173
0.0
0.31095722
0.0
0.0
0.0
0.0
0.02303778
0.0
0.1192026
0.0
0.0
0.0
0.0
0.0
0.0
0.0
0.16427441
0.0
0.07647155
0.04199448
0.09700574
0.0
0.04773579
0.0
0.027385797
0.0
0.13800658
0.10268552
0.021199688
0.0
0.055119876
0.11775723
0.10762792
0.25775883
0.0
0.0
0.0
0.0
0.0
0.019382289
0.06649887
0.08350438
0.0
0.03382034
0.16112688
0.023310728
0.26926768
0.0
0.0
0.026697122
0.0
0.09996738
0.0
0.08701207
0.04004158
0.0
0.033385403
0.0
0.0
0.0
0.06252966
0.0
0.0
0.0
0.11385633
0.035747446
0.012451797
0.0
0.0
0.037105225
0.049490567
0.0
0.0
0.07231125
0.0
0.07307462
0.014860625
0.0
0.0
0.16486195
0.0988718
0.0580481
0.0064167185
0.0
0.19903564
0.0
0.045860402
0.0
0.27531147
0.02569565
0.0
0.0
0.17085807
0.0
0.0
0.0
0.056603298
0.15792799
0.0
0.0
0.036973007
0.20284432
0.0
0.06259935
0.015351681
0.0
0.25158164
0.0
0.0
0.007938771
0.20283052
0.04707834
0.0
0.11676116
0.0
0.18199891
0.0
0.11672245
0.1994845
0.0
0.0
0.0
0.0
0.0
0.08221426
0.0
0.22967547
0.0
0.15480483
0.0
0.19079679
0.10421415
0.23901847
0.0
0.0
0.0065891026
0.30599043
0.0
0.15485667
0.010519281
0.0
0.0
0.0
0.16716824
0.18132354
0.104452856
0.07364817
0.0
0.0011634631
0.028040502
0.07455629
0.029311137
0.0
0.055066206
0.07355413
0.0
0.0
0.0
0.010709939
0.0
0.0
0.0
0.044116274
0.0
0.0
0.049721777
0.08763003
0.0068137925
0.0
0.0
0.02548384
0.0
0.10642727
0.050839793
0.0
0.106203094
0.0
0.0
0.04133507
0.008528052
0.0
0.0
0.0
0.041556478
0.0146846585
0.0
0.005231358
0.0
0.0064775217
0.0
0.0005550496
0.04863079
0.0
0.0
0.07465463
0.0
0.030570183
0.0
0.1639577
0.031844646
0.059255887
0.0
0.0
0.0
0.0
0.0
0.0
0.0
0.0
0.0
0.018741425
0.0
0.0
0.0
0.09406159
0.07628941
0.07199792
0.10102495
0.0
0.0
0.0
0.12154051
0.0
0.2549366
0.0
0.0
0.011859203
0.0
0.2369363
0.0
0.0
0.09248644
0.020083375
0.0
0.076303415
0.0
0.0
0.041529737
0.0
0.0
0.0
0.0
0.0
0.22591063
0.0
0.0
0.08762858
0.14230183
0.13489509
0.16267732
0.009864342
0.15093412
0.0
0.11989165
0.0
0.0
0.1785561
0.06699032
0.1411474
0.0
0.0
0.0
0.12805614
0.0
0.1653105
0.15648934
0.15851483
0.18501368
0.023139173
0.11446203
0.0
0.0
0.0
0.07189579
0.060767367
0.0
0.0
0.021431185
0.0
0.049569283
0.06357996
0.0
0.0
0.15275098
0.0018506441
0.1391983
0.0
0.0
0.0
0.047914498
0.0
0.0
0.016330697
0.34651542
0.09526725
0.12151155
0.022634275
0.0
0.03946028
0.044648513
0.0
0.0661828
