0.0
0.0
0.18085933
0.038401786
0.0
0.0280502
0.06406599
0.0
0.06150465
0.22505592
0.0
0.07947208
0.0
0.42972103
0.0
0.030852007
0.0
0.0
0.0
0.19563839
0.022507478
0.046797987
0.0111475345
0.0
0.13062094
0.0
0.0
0.15783277
0.0
0.0
0.0
0.0
0.002897866
0.03871418
0.22434545
0.04833234
0.08162022
0.15737534
0.16578025
0.0
0.0
0.0
0.0
0.0
0.15524547
0.0
0.0
0.17684641
0.16372696
0.0
0.0
0.040581428
0.0
0.0193845
0.0
0.0
0.0
0.12792921
0.085776456
0.19244921
0.07007442
0.06717108
0.0
0.0
0.041308828
0.09413636
0.0
0.08532596
0.0
0.0
0.09083921
0.0
0.0
0.0
0.0025628582
0.011263855
0.0
0.13799319
0.071695
0.1705625
0.1461798
0.043430075
0.0
0.0
0.20727943
0.0
0.110262215
0.0
0.06255836
0.10707481
0.16242728
0.0
0.12889947
0.043102026
0.0
0.07412789
0.096230365
0.0
0.22165522
0.10421968
0.13259757
0.09286465
0.0
0.0016865898
0.1122013
0.0
0.080313966
0.0
0.0
0.0
0.21838419
0.0
0.14206395
0.30784285
0.0
0.0785302
0.0
0.0
0.0
0.007917
0.0
0.0
0.0
0.0026788376
0.0
0.09781576
0.12264043
0.0
0.33289424
0.0
0.10474439
0.2292015
0.10028098
0.0
0.030962255
0.0
0.04283437
0.020360358
0.20634612
0.22524138
0.10937523
0.15258527
0.049870756
0.05719965
0.1464191
0.17382288
0.0
0.014290855
0.0
0.1383685
0.0
0.0
0.13729687
0.0
0.1804034
0.0
0.0
0.0
0.0
0.18763953
0.20201264
0.0
0.066293
0.12271744
0.0
0.24712539
0.0
0.0
0.0
0.060844373
0.010991735
0.050367765
0.0
0.04344627
0.1753279
0.0
0.019194279
0.05052981
0.0
0.0
0.0
0.0
0.0022399542
0.0
0.28364563
0.018031424
0.004746251
0.059153438
0.26419374
0.0
0.094336495
0.13514274
0.04961418
0.07880451
0.17284486
0.0
0.0
0.0
0.027254174
0.0
0.20424509
0.0625273
0.32118183
0.16344103
0.0
0.08676113
0.11841002
0.2524354
0.11445564
0.05270282
0.020608021
0.22941375
0.0
0.12387413
0.03226884
0.039789345
0.075975835
0.0
0.12105426
0.13279578
0.0
0.14748745
0.024599252
0.18907934
0.0
0.0
0.0
0.14514352
0.0
0.0
0.0
0.0
0.105515935
0.0
0.0
0.0
0.0
0.22303824
0.013848463
0.1525909
0.0
0.008577653
0.0
0.0
0.0
0.0
0.0
0.0
0.06545014
0.0
0.0
0.0
0.0
0.0
0.019584917
0.0
0.17730257
0.021695727
0.0
0.0
0.0
0.09502374
0.10571128
0.0
0.07612264
0.0
0.02987619
0.04722692
0.034867816
0.15942626
0.051390164
0.07543331
0.063120775
0.11985773
0.086670645
0.099317774
0.036281355
0.0
0.0
0.074584566
0.0
0.013291305
0.20754652
0.0
0.1718076
0.023963764
0.07301086
0.0
0.0
0.1790418
0.0
0.10410289
0.10670144
0.13208868
0.067549646
0.0
0.0
0.1535028
0.0
0.31042573
0.0
0.0
0.0
0.0
0.023417227
0.0
0.11911435
0.0
0.0
0.0
0.0022140853
0.0
0.0
0.0
0.1624786
0.0
0.07639836
0.043792173
0.09740165
0.0
0.046969756
0.0
0.024829853
0.0
0.13677984
0.103028715
0.021044707
0.0
0.051294845
0.11857687
0.10574558
0.25869644
0.0
0.0
0.0
0.0
0.0
0.021418981
0.06888398
0.084963776
0.0
0.032502934
0.16383123
0.020877128
0.26836556
0.0
0.0
0.028316166
0.0
0.09805269
0.0
0.08676962
0.038834196
0.0
0.032557793
0.0
0.0
0.0
0.061399058
0.0
0.0
0.0
0.11414108
0.03474374
0.0100890575
0.0
0.0
0.03812633
0.051831406
0.0
0.0
0.07188388
0.0
0.07275438
0.01496637
0.0
0.0
0.16627581
0.09735666
0.05671578
0.0078075947
0.0
0.2004483
0.0
0.04442022
0.0
0.2728751
0.026928788
0.0
0.0
0.17133252
0.0
0.0
0.0
0.05686705
0.1570297
0.0
0.0
0.03792769
0.20250714
0.0
0.06502737
0.016310131
0.0
0.25228962
0.0
0.0
0.010257268
0.20527393
0.046310887
0.0
0.11745182
0.0
0.18384816
0.0
0.113644786
0.19787246
0.0
0.0
0.0
0.0
0.0
0.08406851
0.0
0.23015103
0.0
0.15385343
0.0
0.18934506
0.10489777
0.24037534
0.0
0.0
0.007908149
0.30519402
0.0
0.15620694
0.008790832
0.0
0.0
0.0
0.16664954
0.18028827
0.10730836
0.07463862
0.0
0.001990619
0.030581243
0.07311548
0.026536569
0.0
0.054665558
0.074359134
0.0
0.0
0.0
0.010082028
0.0
0.0
0.0
0.043745518
0.0
0.0
0.049782004
0.08745077
0.0055716904
0.0
0.0
0.02386123
0.0
0.10613056
0.04852985
0.0
0.1067763
0.0
0.0
0.040418565
0.0073955664
0.0
0.0
0.0
0.042443603
0.013491775
0.0
0.004940944
0.0
0.0056821415
0.0
0.0022868696
0.047753587
0.0
0.0
0.073768556
0.0
0.030469755
0.0
0.16323191
0.033225287
0.059477363
0.0
0.0
0.0
0.0
0.0
0.0
0.0
0.0
0.0
0.018397816
0.0
0.0
0.0
0.094330035
0.07888996
0.07161948
0.100320406
0.0
0.0
0.0
0.12176688
0.0
0.2552011
0.0
0.0
0.008882845
0.0
0.23659086
0.0
0.0
0.09242017
0.02307025
0.0
0.0769895
0.0
0.0
0.040737398
0.0
0.0
0.0
0.0
0.0
0.22482143
0.0
0.0
0.0896742
0.1449309
0.13716038
0.16174613
0.010158816
0.1486366
0.0
0.119321875
0.0
0.0
0.17891948
0.06737615
0.13954875
0.0
0.0
0.0
0.12910219
0.0
0.1662132
0.15433262
0.15863213
0.18640919
0.023760963
0.113424435
0.0
0.0
0.0
0.07199547
0.05856303
0.0
0.0
0.02195006
0.0
0.049558345
0.06620428
0.0
0.0
0.15167649
0.0038931137
0.14006123
0.0
0.0
0.0
0.046032775
0.0
0.0
0.0164461
0.3453643
0.094046116
0.12212414
0.024815297
0.0
0.037796617
0.046091758
0.0
0.06652566
