0.0
0.0
0.17468932
0.03915738
0.0
0.025861558
0.06447257
0.0
0.06388533
0.22503315
0.0
0.080801755
0.0
0.42829967
0.0
0.034145065
0.0
0.0
0.0
0.19004238
0.021479513
0.045205884
0.007752415
0.0
0.13306327
0.0
0.0
0.15477473
0.0
0.0
0.0
0.0
0.0013329722
0.03897327
0.22225726
0.048303857
0.08487089
0.15661955
0.16115813
0.0
0.0
0.0
0.0
0.0
0.15495443
0.0
0.0
0.17778432
0.16317861
0.0
0.0
0.03890655
0.0
0.020222507
0.0
0.0
0.0
0.12678048
0.08371284
0.19300473
0.063663416
0.06663158
0.0
0.0
0.040320467
0.09346901
0.0
0.08660791
0.0
0.0
0.09086125
0.0
0.0
0.0
0.0010013934
0.010895166
0.0
0.13865909
0.07225568
0.16832308
0.14655238
0.043119557
0.0
0.0
0.20244229
0.0
0.111596584
0.0
0.061012976
0.11054001
0.16251753
0.0
0.13264474
0.04266534
0.0
0.07972204
0.09578164
0.0
0.22181638
0.10264979
0.13257056
0.09268581
0.0
0.0012235902
0.11426992
0.0
0.0805679
0.0
0.0
0.0
0.22149846
0.0
0.13862468
0.3091905
0.0
0.07939898
0.0
0.0
0.0
0.005954385
0.0
0.0
0.0
0.0032454245
0.0
0.09568156
0.12256188
0.0
0.33258253
0.0
0.10756025
0.2307319
0.099534936
0.0
0.030993938
0.0
0.04223387
0.01828742
0.20832671
0.2231655
0.10974158
0.15142268
0.050100148
0.053869635
0.14964387
0.1744079
0.0
0.014919467
0.0
0.13879447
0.0
0.0
0.13791478
0.0
0.1789118
0.0
0.0
0.0
0.0
0.18528514
0.20502509
0.0
0.06468129
0.12520708
0.0
0.24797635
0.0
0.0
0.0
0.06338221
0.009386834
0.047796085
0.0
0.04467702
0.17350559
0.0
0.017027313
0.049616277
0.0
0.0
0.0
0.0
0.00031615596
0.0
0.28249532
0.01840473
0.0064327093
0.060778387
0.2668899
0.0
0.09529875
0.13638762
0.04892762
0.07942583
0.1723471
0.0
0.0
0.0
0.026887925
0.0
0.20317706
0.060664658
0.3218368
0.16325873
0.0
0.090372756
0.12004198
0.2510128
0.114238754
0.05576211
0.019542843
0.22788885
0.0
0.12490666
0.032062504
0.04218264
0.07690455
0.0
0.12588166
0.13272534
0.0
0.14640501
0.027451938
0.18804358
0.0
0.0
0.0
0.1434509
0.0
0.0
0.0
0.0
0.10376423
0.0
0.0
0.0
0.0
0.22375426
0.012364632
0.14992498
0.0
0.0050428445
0.0
0.0
0.0
0.0
0.0
0.0
0.06382858
0.0022733752
0.0
0.0
0.0
0.0
0.022214547
0.0
0.17758727
0.022593398
0.0
0.0
0.0
0.09231579
0.10535
0.0
0.073817596
0.0
0.030305238
0.04973694
0.031803466
0.15798035
0.05255772
0.07714361
0.06395125
0.12191981
0.083612524
0.10130668
0.03526805
0.0
0.0
0.07588238
0.0
0.013692638
0.2111004
0.0
0.17097606
0.021800812
0.072877556
0.0
0.0
0.177161
0.0
0.107890114
0.105215795
0.13314348
0.06629204
0.0
0.0
0.15306067
0.0
0.3107198
0.0
0.0
0.0
0.0
0.022904556
0.0
0.11792896
0.0
0.0
0.0
0.0
0.0
0.0
0.0
0.16547254
0.0
0.07586705
0.04025326
0.0975295
0.0
0.04832788
0.0
0.027870256
0.0
0.13959424
0.10227569
0.020415043
0.0
0.056660086
0.118018895
0.10882586
0.25718632
0.0
0.0
0.0
0.0
0.0
0.018876024
0.065797314
0.08282602
0.0
0.034847617
0.16045028
0.024066828
0.26897308
0.0
0.0
0.026369968
0.0
0.10117095
0.0
0.08795598
0.04119835
0.0
0.032465126
0.0
0.0
0.0
0.06347671
0.0
0.0
0.0
0.11265576
0.037204433
0.013153489
0.0
0.0
0.03612178
0.04846297
0.0
0.0
0.07201488
0.0
0.07276963
0.015217022
0.0
0.0
0.16458824
0.10016356
0.05858538
0.006638338
0.0
0.19859536
0.0
0.047756564
0.0
0.2767719
0.025293456
0.0
0.0
0.17107588
0.0
0.0
0.0
0.056161102
0.15719402
0.0
0.0
0.036255512
0.20246328
0.0
0.061688147
0.015769016
0.0
0.25105458
0.0
0.0
0.006135679
0.20122792
0.04769957
0.0
0.1151688
0.0
0.18211058
0.0
0.11936383
0.19967787
0.0
0.0
0.0
0.0
0.0
0.08290381
0.0
0.23036861
0.0
0.15567595
0.0
0.19276248
0.10386809
0.237544
0.0
0.0
0.0054394044
0.3072226
0.0
0.15434124
0.0118822185
0.0
1.6549602e-06
0.0
0.16718043
0.18231685
0.103860684
0.07302981
0.0
0.00095755793
0.027670888
0.07528595
0.02875394
0.0
0.056046497
0.073582
0.0
0.0
0.0
0.0114273
0.0
0.0
0.0
0.04439109
0.0
0.0
0.048660815
0.08830763
0.00619319
0.0
0.0
0.025520442
0.0
0.10771988
0.05206873
0.0
0.105320156
0.0
0.0
0.04319466
0.007663049
0.0
0.0
0.0
0.041747943
0.015482738
0.0
0.005547093
0.0
0.00795366
0.0
0.0004947027
0.049510848
0.0
0.0
0.074483864
0.0
0.03201
0.0
0.16538778
0.033089373
0.058524318
0.0
0.0
0.0
0.0
0.0
0.0
0.0
0.0
0.0
0.018484276
0.0
0.0
0.0
0.0967522
0.07488403
0.07182422
0.100059845
0.0
0.0
0.0
0.123489454
0.0
0.25381953
0.0
0.0
0.013116494
0.0
0.23640747
0.0
0.0
0.09411682
0.01963175
0.0
0.076466195
0.0
0.0
0.042738672
0.0
0.0
0.0
0.0
0.0
0.22653617
0.0
0.0
0.08642882
0.14205623
0.13430612
0.16333027
0.011081902
0.15192066
0.0
0.12067115
0.0
0.0
0.17827657
0.06635683
0.14186777
0.0
0.0
0.0
0.12663735
0.0
0.16684395
0.15799254
0.15775536
0.18385705
0.020410847
0.116585486
0.0
0.0
0.0
0.07219483
0.06298004
0.0
0.0
0.020793168
0.0
0.048327766
0.06317112
0.0
0.0
0.15370406
0.0009818207
0.13758707
0.0
0.0
0.0
0.049008988
0.0
0.0
0.013916748
0.3472717
0.09626601
0.12165979
0.021634297
0.0
0.039024763
0.04249311
0.0
0.06560985
