0.0
0.0
0.17321898
0.03979402
0.0
0.026214402
0.06413996
0.0
0.06488565
0.22476587
0.0
0.08240511
0.0
0.42846653
0.0
0.036545366
0.0
0.0
0.0
0.18758738
0.021132793
0.044006124
0.00620028
0.0
0.13371065
0.0
0.0
0.15320057
0.0
0.0
0.0
0.0
0.00028440356
0.03921458
0.22162823
0.047393583
0.085319
0.15716547
0.15950182
0.0
0.0
0.0
0.0
0.0
0.15506837
0.0
0.0
0.17892863
0.16282299
0.0
0.0
0.03776545
0.0
0.019893615
0.0
0.0
0.0
0.1256178
0.08246013
0.19354759
0.061758753
0.065069534
0.0
0.0
0.03996881
0.09315603
0.0
0.08729284
0.0
0.0
0.08997498
0.0
0.0
0.0
0.0010324474
0.010728453
0.0
0.13912496
0.07226429
0.16720237
0.14696597
0.042687528
0.0
0.0
0.20183425
0.0
0.11099165
0.0
0.06107194
0.11185044
0.16249473
0.0
0.13366441
0.041799698
0.0
0.08163287
0.095075354
0.0
0.22180541
0.10201948
0.13282
0.0930629
0.0
0.00048462674
0.11526308
0.0
0.080972716
0.0
0.0
0.0
0.22307356
0.0
0.13683242
0.30945456
0.0
0.0790603
0.0
0.0
0.0
0.0062040407
0.0
0.0
0.0
0.003025665
0.0
0.094597846
0.1226351
0.0
0.33231187
0.0
0.10888251
0.23149762
0.097990215
0.0
0.03131959
0.0
0.04116175
0.016926195
0.20917544
0.22247973
0.1098308
0.1508974
0.049604475
0.053272642
0.15002546
0.17415345
0.0
0.015030183
0.0
0.13941689
0.0
0.0
0.13803425
0.0
0.1786635
0.0
0.0
0.0
0.0
0.185824
0.20589429
0.0
0.06473593
0.12572931
0.0
0.24726003
0.0
0.0
0.0
0.06356962
0.009191611
0.046374977
0.0
0.045150116
0.17367841
0.0
0.016698543
0.04965959
0.0
0.0
0.0
0.0
0.0
0.0
0.2832719
0.018020308
0.007055115
0.062030792
0.26904997
0.0
0.09593852
0.1367439
0.048209637
0.07897273
0.17153437
0.0
0.0
0.0
0.027590021
0.0
0.20295973
0.05956403
0.32202277
0.16360664
0.0
0.09164304
0.12060515
0.25026706
0.114271194
0.057349905
0.019373724
0.22811921
0.0
0.124806255
0.031742558
0.043119606
0.07784093
0.0
0.12716202
0.1331107
0.0
0.14635028
0.028664164
0.187171
0.0
0.0
0.0
0.14295371
0.0
0.0
0.0
0.0
0.10340256
0.0
0.0
0.0
0.0
0.22363724
0.012128517
0.14963336
0.0
0.0038568946
0.0
0.0
0.0
0.0
0.0
0.0
0.06318568
0.0030928552
0.0
0.0
0.0
0.0
0.02303452
0.0
0.17820711
0.022829019
0.0
0.0
0.0
0.09189359
0.10555801
0.0
0.07353996
0.0
0.030356772
0.05048342
0.031181095
0.1568481
0.053200938
0.07780449
0.06455497
0.12345517
0.08245757
0.101106875
0.03476073
0.0
0.0
0.07705301
0.0
0.013511754
0.21155466
0.0
0.17109285
0.020973621
0.07273308
0.0
0.0
0.17614087
0.0
0.108811006
0.105560705
0.13350523
0.06604446
0.0
0.0
0.15289542
0.0
0.31081057
0.0
0.0
0.0
0.0
0.022887984
0.0
0.11744665
0.0
0.0
0.0
0.0
0.0
0.0
0.0
0.16696873
0.0
0.07533381
0.038651764
0.09747057
0.0
0.048529476
0.0
0.028221704
0.0
0.140403
0.10172315
0.019649427
0.0
0.057851747
0.118140176
0.109677345
0.25690153
0.0
0.0
0.0
0.0
0.0
0.018551446
0.06514686
0.08142654
0.0
0.036037434
0.15951256
0.025333622
0.268953
0.0
0.0
0.025815945
0.0
0.10226777
0.0
0.08835812
0.042186283
0.0
0.031638734
0.0
0.0
0.0
0.064104296
0.0
0.0
0.0
0.11118578
0.038858227
0.014060866
0.0
0.0
0.03497309
0.047724187
0.0
0.0
0.07178995
0.0
0.07230235
0.015070109
0.0
0.0
0.1635569
0.10114974
0.059214484
0.0066428017
0.0
0.19786334
0.0
0.04896478
0.0
0.27845225
0.024176357
0.0
0.0
0.17096366
0.0
0.0
0.0
0.055509407
0.15734482
0.0
0.0
0.035756588
0.2022151
0.0
0.06065657
0.015950907
0.0
0.2503909
0.0
0.0
0.0047441246
0.19935277
0.047714986
0.0
0.11390434
0.0
0.1817804
0.0
0.12159468
0.19981131
0.0
0.0
0.0
0.0
0.0
0.083123915
0.0
0.23116592
0.0
0.15712084
0.0
0.19441435
0.1033632
0.23651096
0.0
0.0
0.004887102
0.30781183
0.0
0.15398368
0.012763767
0.0
0.000629453
0.0
0.16722134
0.18331441
0.10365425
0.07270375
0.0
0.00010068156
0.026938757
0.07600232
0.028502036
0.0
0.056994718
0.07381167
0.0
0.0
0.0
0.012000704
0.0
0.0
0.0
0.045020267
0.0
0.0
0.048211593
0.088977695
0.006102279
0.0
0.0
0.025412606
0.0
0.108915396
0.053351123
0.0
0.10479673
0.0
0.0
0.044200167
0.007140563
0.0
0.0
0.0
0.041749142
0.016042363
0.00020020083
0.0061700568
0.0
0.009037481
0.0
0.0005021761
0.050105367
0.0
0.0
0.07438075
0.0
0.033502728
0.0
0.16578604
0.034183335
0.057986315
0.0
0.0
0.0
0.0
0.0
0.0
0.0
0.0
0.0
0.018573532
0.0
0.0
0.0
0.098911345
0.0739221
0.07214624
0.0992768
0.0
0.0
0.0
0.12505138
0.0
0.2527571
0.0
0.0
0.013959026
0.0
0.23573558
0.0
0.0
0.095578834
0.019061824
0.0
0.07734754
0.0
0.0
0.04425277
0.0
0.0
0.0
0.0
0.0
0.22654743
0.0
0.0
0.08461302
0.14148016
0.1339937
0.16417931
0.0117870625
0.15229344
0.0
0.12177247
0.0
0.0
0.17850117
0.06564375
0.14189084
0.0
0.0
0.0
0.12553355
0.0
0.16761146
0.15912436
0.15711237
0.18285377
0.01864189
0.11844032
0.0
0.0
0.0
0.07256132
0.064524576
0.0
0.0
0.019994209
0.0
0.047800083
0.062909804
0.0
0.0
0.15462308
0.0004505096
0.13645019
0.0
0.0
0.0
0.050591867
0.0
0.0
0.011943973
0.34713203
0.09697181
0.12168117
0.020380339
0.0
0.038292065
0.040515956
0.0
0.065702975
