0.0
0.0
0.17274562
0.039377753
0.0
0.026034713
0.06405175
0.0
0.06513225
0.22481345
0.0
0.08266879
0.0
0.42819917
0.0
0.037158243
0.0
0.0
0.0
0.18693312
0.02098711
0.04395876
0.005682009
0.0
0.13394858
0.0
0.0
0.15284158
0.0
0.0
0.0
0.0
9.2342496e-05
0.039110757
0.22144403
0.047463328
0.08581869
0.1572754
0.15864868
0.0
0.0
0.0
0.0
0.0
0.15495208
0.0
0.0
0.17903893
0.16272303
0.0
0.0
0.037596174
0.0
0.020290408
0.0
0.0
0.0
0.12535974
0.08253714
0.19364263
0.06088399
0.065136544
0.0
0.0
0.039531738
0.09322433
0.0
0.087422
0.0
0.0
0.09002567
0.0
0.0
0.0
0.00081803836
0.010533841
0.0
0.13909659
0.07258219
0.16669796
0.14741454
0.042659584
0.0
0.0
0.2017656
0.0
0.11104489
0.0
0.060546655
0.11220794
0.16239329
0.0
0.13429636
0.041661322
0.0
0.082173705
0.09474282
0.0
0.2218441
0.10180085
0.1331922
0.093327
0.0
0.0003026817
0.11529008
0.0
0.0809893
0.0
0.0
0.0
0.22334269
0.0
0.13622987
0.3091732
0.0
0.07901632
0.0
0.0
0.0
0.0060631447
0.0
0.0
0.0
0.0034173168
0.0
0.094563395
0.12241291
0.0
0.33253372
0.0
0.109625675
0.2313948
0.097817056
0.0
0.031058304
0.0
0.04130532
0.016838606
0.20898005
0.22221558
0.11008125
0.15055703
0.049067173
0.053110637
0.15092915
0.17433403
0.0
0.015076697
0.0
0.13965267
0.0
0.0
0.13786687
0.0
0.1785647
0.0
0.0
0.0
0.0
0.1855643
0.20637797
0.0
0.06418533
0.1259173
0.0
0.24736816
0.0
0.0
0.0
0.06405872
0.008753207
0.046281535
0.0
0.04527514
0.1734333
0.0
0.016630722
0.049724624
0.0
0.0
0.0
0.0
0.0
0.0
0.28305402
0.018150175
0.0071561188
0.061949246
0.2693364
0.0
0.09637392
0.13697505
0.04826679
0.07900618
0.17161454
0.0
0.0
0.0
0.027675167
0.0
0.20291235
0.05949943
0.32175693
0.1638923
0.0
0.0920144
0.12052503
0.25011548
0.114339314
0.05795621
0.019379623
0.2281287
0.0
0.12506817
0.031823166
0.043103844
0.07799177
0.0
0.12771511
0.13324365
0.0
0.14624462
0.028792022
0.18677074
0.0
0.0
0.0
0.14302804
0.0
0.0
0.0
0.0
0.10336253
0.0
0.0
0.0
0.0
0.22370093
0.01223985
0.14948472
0.0
0.0034895875
0.0
0.0
0.0
0.0
0.0
0.0
0.06285617
0.0032855012
0.0
0.0
0.0
0.0
0.023002552
0.0
0.17816497
0.023037322
0.0
0.0
0.0
0.09146559
0.105398536
0.0
0.0734818
0.0
0.03024992
0.05088783
0.030729368
0.15659814
0.053472348
0.07805881
0.064647585
0.12347612
0.082101434
0.10128376
0.034734465
0.0
0.0
0.07743009
0.0
0.013418139
0.21164516
0.0
0.17107296
0.020312963
0.07237602
0.0
0.0
0.17586882
0.0
0.10948484
0.10554128
0.13354746
0.06600979
0.0
0.0
0.1529722
0.0
0.31081542
0.0
0.0
0.0
0.0
0.023057016
0.0
0.11751819
0.0
0.0
0.0
0.0
0.0
0.0
0.0
0.16786243
0.0
0.07521008
0.038285013
0.09723791
0.0
0.04861266
0.0
0.028575005
0.0
0.1405034
0.101144165
0.01931475
0.0
0.058533568
0.117855385
0.10957597
0.2566911
0.0
0.0
0.0
0.0
0.0
0.018029079
0.06466198
0.081031255
0.0
0.03641762
0.15896699
0.025786808
0.26909095
0.0
0.0
0.025178272
0.0
0.10266864
0.0
0.08844031
0.042454433
0.0
0.031554494
0.0
0.0
0.0
0.0643257
0.0
0.0
0.0
0.111109324
0.039335776
0.014416331
0.0
0.0
0.034792323
0.047303885
0.0
0.0
0.071762346
0.0
0.0723078
0.014759524
0.0
0.0
0.1632419
0.10130104
0.05960718
0.0066486737
0.0
0.19763644
0.0
0.04919425
0.0
0.27868426
0.023752172
0.0
0.0
0.17098334
0.0
0.0
0.0
0.05511066
0.15753445
0.0
0.0
0.035828494
0.20199578
0.0
0.060039498
0.015351156
0.0
0.25030965
0.0
0.0
0.004426717
0.19872224
0.047407024
0.0
0.113661624
0.0
0.18155257
0.0
0.122142434
0.20014049
0.0
0.0
0.0
0.0
0.0
0.08320816
0.0
0.23130754
0.0
0.15767816
0.0
0.1943646
0.103396244
0.23587492
0.0
0.0
0.004644335
0.3079384
0.0
0.15319471
0.012622221
0.0
0.0007715309
0.0
0.16715719
0.18364301
0.10330883
0.07235995
0.0
0.0
0.026319126
0.076387174
0.029168757
0.0
0.05715185
0.07371029
0.0
0.0
0.0
0.01244372
0.0
0.0
0.0
0.04500042
0.0
0.0
0.048404753
0.08931541
0.0063256994
0.0
0.0
0.02547302
0.0
0.109016865
0.05420787
0.0
0.104936324
0.0
0.0
0.044223543
0.0071376283
0.0
0.0
0.0
0.041779563
0.016152205
0.000740435
0.0063580796
0.0
0.009250314
0.0
0.00032960437
0.049985297
0.0
0.0
0.074532785
0.0
0.033796906
0.0
0.16536117
0.03426794
0.057946216
0.0
0.0
0.0
0.0
0.0
0.0
0.0
0.0
0.0
0.018680518
0.0
0.0
0.0
0.09888028
0.073427275
0.072411485
0.09889805
0.0
0.0
0.0
0.12531027
0.0
0.25229225
0.0
0.0
0.014231579
0.0
0.23594154
0.0
0.0
0.09565624
0.018373977
0.0
0.077473864
0.0
0.0
0.04459836
0.0
0.0
0.0
0.0
0.0
0.22674707
0.0
0.0
0.084011
0.14096023
0.13340324
0.16441019
0.011655251
0.15245874
0.0
0.12213973
0.0
0.0
0.17842996
0.06553399
0.14176966
0.0
0.0
0.0
0.12578239
0.0
0.167408
0.15929303
0.15711817
0.18267143
0.018413058
0.11874203
0.0
0.0
0.0
0.07259962
0.06495412
0.0
0.0
0.019624434
0.0
0.047976296
0.06257848
0.0
0.0
0.1544447
0.00059144665
0.13629504
0.0
0.0
0.0
0.05096259
0.0
0.0
0.011539369
0.34701467
0.09713739
0.12126934
0.019937953
0.0
0.038001135
0.040014062
0.0
0.065606445
