0.0
0.0
0.1706105
0.040134463
0.0
0.02488225
0.06426892
0.0
0.06587344
0.22488742
0.0
0.08295662
0.0
0.4278278
0.0
0.03797793
0.0
0.0
0.0
0.18521944
0.020701677
0.04373716
0.0051200637
0.0
0.13465549
0.0
0.0
0.15167202
0.0
0.0
0.0
0.0
0.0
0.039111603
0.22106913
0.047421124
0.08664375
0.15682577
0.15737113
0.0
0.0
0.0
0.0
0.0
0.15488984
0.0
0.0
0.17884097
0.16251679
0.0
0.0
0.037002373
0.0
0.020335415
0.0
0.0
0.0
0.12519823
0.08168365
0.19373445
0.058907676
0.06529419
0.0
0.0
0.03969904
0.09296578
0.0
0.08775689
0.0
0.0
0.09014684
0.0
0.0
0.0
0.00039165653
0.0103481505
0.0
0.139543
0.07272998
0.1661661
0.14740558
0.04243396
0.0
0.0
0.19966576
0.0
0.111969404
0.0
0.060277697
0.11346445
0.1624362
0.0
0.13576223
0.041791167
0.0
0.08397208
0.09467123
0.0
0.2218099
0.101069726
0.13307121
0.09317806
0.0
0.0
0.11593952
0.0
0.08086488
0.0
0.0
0.0
0.22445749
0.0
0.13535415
0.31011686
0.0
0.07944393
0.0
0.0
0.0
0.0054321084
0.0
0.0
0.0
0.0032962244
0.0
0.09402298
0.122416265
0.0
0.33246896
0.0
0.11058815
0.23209137
0.09792008
0.0
0.031257663
0.0
0.04113517
0.016095547
0.20980813
0.22155145
0.11011325
0.15039116
0.04937954
0.05207817
0.1518662
0.174454
0.0
0.015153249
0.0
0.13946941
0.0
0.0
0.13838781
0.0
0.17810667
0.0
0.0
0.0
0.0
0.18451574
0.20713665
0.0
0.06374806
0.12702854
0.0
0.24765159
0.0
0.0
0.0
0.06473397
0.0082982415
0.045670934
0.0
0.045844905
0.1727318
0.0
0.01601458
0.04936281
0.0
0.0
0.0
0.0
0.0
0.0
0.28289586
0.01815466
0.007856397
0.06270309
0.26996702
0.0
0.09636461
0.13746746
0.047655042
0.0791421
0.17142166
0.0
0.0
0.0
0.027224232
0.0
0.20253783
0.058826126
0.3222352
0.16347206
0.0
0.09319189
0.121341094
0.24953862
0.114418015
0.05865403
0.019113243
0.22766517
0.0
0.12533155
0.031577498
0.04421736
0.0779452
0.0
0.12931879
0.13311729
0.0
0.1457208
0.029661909
0.18669033
0.0
0.0
0.0
0.14234196
0.0
0.0
0.0
0.0
0.10251038
0.0
0.0
0.0
0.0
0.22425866
0.011253062
0.14859226
0.0
0.0021898076
0.0
0.0
0.0
0.0
0.0
0.0
0.062389042
0.0043171346
0.0
0.0
0.0
0.0
0.023903962
0.0
0.17817317
0.023421153
0.0
0.0
0.0
0.090402715
0.1054597
0.0
0.07270365
0.0
0.030546889
0.05180279
0.02994916
0.15606026
0.053805232
0.07845841
0.06493029
0.12416834
0.081317715
0.10225203
0.034695752
0.0
0.0
0.0777569
0.0
0.013675105
0.21305205
0.0
0.17109779
0.019680874
0.072564125
0.0
0.0
0.17540215
0.0
0.11048866
0.104945414
0.1337911
0.06532679
0.0
0.0
0.15286769
0.0
0.31090727
0.0
0.0
0.0
0.0
0.022559622
0.0
0.11703264
0.0
0.0
0.0
0.0
0.0
0.0
0.0
0.16844445
0.0
0.07537978
0.037104253
0.09712363
0.0
0.048981395
0.0
0.02951762
0.0
0.14148508
0.10125044
0.019405123
0.0
0.06020689
0.11784308
0.11079627
0.25634438
0.0
0.0
0.0
0.0
0.0
0.01715825
0.063839756
0.0804303
0.0
0.037203282
0.15813716
0.026631352
0.26936722
0.0
0.0
0.024809867
0.0
0.1035388
0.0
0.08887355
0.043385368
0.0
0.031856224
0.0
0.0
0.0
0.065072976
0.0
0.0
0.0
0.11063807
0.03979476
0.015401769
0.0
0.0
0.034237728
0.046314016
0.0
0.0
0.07192922
0.0
0.07226785
0.015171343
0.0
0.0
0.16263193
0.102470405
0.06023051
0.005798108
0.0
0.19711198
0.0
0.05043082
0.0
0.28026262
0.023220465
0.0
0.0
0.17091699
0.0
0.0
0.0
0.05485245
0.15743709
0.0
0.0
0.03511349
0.20214127
0.0
0.05905096
0.015508509
0.0
0.24991614
0.0
0.0
0.0029022126
0.19758
0.048141345
0.0
0.112841584
0.0
0.18072598
0.0
0.12428974
0.20090382
0.0
0.0
0.0
0.0
0.0
0.08269
0.0
0.23126197
0.0
0.1580321
0.0
0.19568518
0.10268989
0.23542373
0.0
0.0
0.004011883
0.30853572
0.0
0.1531409
0.0137151275
0.0
0.0018495237
0.0
0.16747156
0.18392402
0.1020758
0.07186768
0.0
0.0
0.02518182
0.076848954
0.029547635
0.0
0.057540074
0.07333844
0.0
0.0
0.0
0.012435973
0.0
0.0
0.0
0.045301296
0.0
0.0
0.04784285
0.08957441
0.0064104237
0.0
0.0
0.025983335
0.0
0.10962247
0.055094652
0.0
0.10429348
0.0
0.0
0.045175686
0.007358022
0.0
0.0
0.0
0.041474946
0.016760139
0.0019430034
0.00637934
0.0
0.010137202
0.0
0.0
0.050589163
0.0
0.0
0.074792184
0.0
0.033879757
0.0
0.16640306
0.034127984
0.057685357
0.0
0.0
0.0
0.0
0.0
0.0
0.0
0.0
0.0
0.018792184
0.0
0.0
0.0
0.09948244
0.072300754
0.07217759
0.09922089
0.0
0.0
0.0
0.12549749
0.0
0.25218847
0.0
0.0
0.01589892
0.0
0.23578231
0.0
0.0
0.096332915
0.01717361
0.0
0.07716523
0.0
0.0
0.045210347
0.0
0.0
0.0
0.0
0.0
0.22709855
0.0
0.0
0.08300361
0.13993898
0.13256608
0.16492163
0.012173255
0.15376662
0.0
0.122181706
0.0
0.0
0.17815784
0.06547882
0.14291216
0.0
0.0
0.0
0.12465057
0.0
0.1676394
0.1606686
0.15687586
0.18153809
0.01760405
0.119672224
0.0
0.0
0.0
0.07276376
0.066378914
0.0
0.0
0.019226398
0.0
0.04763502
0.061522145
0.0
0.0
0.1554513
0.0
0.1356531
0.0
0.0
0.0
0.051967937
0.0
0.0
0.011031978
0.34809798
0.09782123
0.121237226
0.018653926
0.0
0.038870316
0.039046332
0.0
0.06516269
