0.0
0.0
0.16758502
0.04121839
0.0
0.02426138
0.06380989
0.0
0.06754823
0.22477004
0.0
0.08444058
0.0
0.4284847
0.0
0.039805047
0.0
0.0
0.0
0.18224466
0.019813083
0.041391425
0.002716232
0.0
0.13633382
0.0
0.0
0.1500962
0.0
0.0
0.0
0.0
0.0
0.039112426
0.21977119
0.046298005
0.08882955
0.15700252
0.15419905
0.0
0.0
0.0
0.0
0.0
0.15506856
0.0
0.0
0.18123147
0.16198218
0.0
0.0
0.03564944
0.0
0.019932564
0.0
0.0
0.0
0.12367863
0.07994977
0.19487958
0.055992927
0.06392254
0.0
0.0
0.039070558
0.09266002
0.0
0.08875183
0.0
0.0
0.089020334
0.0
0.0
0.0
0.00034011342
0.0101265395
0.0
0.13980328
0.07302944
0.16496451
0.1487228
0.042066883
0.0
0.0
0.19788444
0.0
0.111706875
0.0
0.05983939
0.11653456
0.1626945
0.0
0.13676925
0.041083977
0.00038934778
0.0871743
0.094253294
0.0
0.22131576
0.10057481
0.13308498
0.09356746
0.0
0.0
0.11753326
0.0
0.08149109
0.0
0.0
0.0
0.22677445
0.0
0.1324147
0.3107051
0.0
0.079720974
0.0
0.0
0.0
0.0049611013
0.0
0.0
0.0
0.0026582088
0.0
0.09209372
0.1225819
0.0
0.33153737
0.0
0.11154211
0.23278269
0.096259534
0.0
0.0320631
0.0
0.041182723
0.013825552
0.21118881
0.22114074
0.109673195
0.14975467
0.04915817
0.050861508
0.15371935
0.17414135
0.0
0.015416287
0.0
0.13976124
0.0
0.0
0.13852999
0.0
0.17696847
0.0
0.0
0.0
0.0
0.1846681
0.20880094
0.0
0.06441057
0.12827529
0.0
0.24697103
0.0
0.0
0.0
0.06491219
0.007499118
0.044395886
0.0
0.046535324
0.17175928
0.0
0.01514078
0.04917322
0.0
0.0
0.0
0.0
0.0
0.0
0.28290662
0.017492631
0.009026758
0.064355016
0.27159452
0.0
0.09691873
0.13865031
0.046693392
0.07990061
0.17090692
0.0
0.0
0.0
0.027548648
0.0
0.20219593
0.057693817
0.32319367
0.16420957
0.0
0.094632305
0.121806316
0.24882892
0.11452652
0.060381338
0.018529275
0.22786726
0.0
0.12557752
0.031402916
0.045614153
0.07965788
0.0
0.13177334
0.13351424
0.0
0.1452912
0.03083463
0.18570217
0.0
0.0
0.0
0.1411122
0.0
0.0
0.0
0.0
0.10225926
0.0
0.0
0.0
0.0
0.22437635
0.011296719
0.14741136
0.0
0.0014990782
0.0
0.0
0.0
0.0
0.0
0.0
0.061406545
0.0061785486
0.0
0.0
0.0
0.0
0.025426744
0.0
0.17866346
0.024407279
0.0
0.0
0.0
0.08977874
0.105042875
0.0
0.071568124
0.0
0.030681938
0.053042535
0.028069865
0.15468664
0.05535933
0.079155385
0.06499323
0.12521912
0.07946059
0.102634005
0.03375873
0.0
0.0
0.07904758
0.0
0.01348397
0.21451001
0.0
0.17125513
0.018783383
0.07248224
0.0
0.0
0.17393029
0.0
0.11261378
0.104459494
0.13456509
0.06520446
0.0
0.0
0.1527322
0.0
0.31024492
0.0
0.0
0.0
0.0
0.02257326
0.0
0.11533795
0.0
0.0
0.0
0.0
0.0
0.0
0.0
0.17013864
0.0
0.074770205
0.0350244
0.09761543
0.0
0.05005226
0.0
0.03101608
0.0
0.14361548
0.09998359
0.018375076
0.0
0.06255499
0.11738695
0.111538455
0.25602785
0.0
0.0
0.0
0.0
0.0
0.01588865
0.06325876
0.07994658
0.0
0.038970485
0.15753724
0.027200002
0.26877028
0.0
0.0
0.02397991
0.0
0.10482095
0.0
0.09056434
0.044731304
0.0
0.030981317
0.0
0.0
0.0
0.066793755
0.0
0.0
0.0
0.10918336
0.041341923
0.016206015
0.0
0.0
0.033457667
0.045198027
0.0
0.0
0.07157342
0.0
0.07228362
0.015355738
0.0
0.0
0.16224279
0.10412787
0.060696322
0.0056591956
0.0
0.1966433
0.0
0.05291684
0.0
0.2820943
0.02293157
0.0
0.0
0.17147115
0.0
0.0
0.0
0.054020397
0.1564709
0.0
0.0
0.033969082
0.20143358
0.0
0.057948343
0.015765691
0.0
0.24944302
0.0
0.0
0.0008919714
0.19564699
0.04866673
0.0
0.110938594
0.0
0.18071069
0.0
0.12724145
0.20177452
0.0
0.0
0.0
0.0
0.0
0.08419156
0.0
0.23199394
0.0
0.15943812
0.0
0.19756009
0.10213205
0.23347244
0.0
0.0
0.0027985498
0.31005195
0.0
0.15196727
0.014827801
0.0
0.0027706698
0.0
0.16756898
0.184658
0.101040274
0.070243835
0.0
0.0
0.024027167
0.07788609
0.029259652
0.0
0.058644563
0.073428094
0.0
0.0
0.0
0.013362172
0.0
0.0
0.0
0.04515126
0.0
0.0
0.04685686
0.091021076
0.005807235
0.0
0.0
0.025869463
0.0
0.111118086
0.057218578
0.0
0.10398411
0.0
0.0
0.04709263
0.006832611
0.0
0.0
0.0
0.041427247
0.0179243
0.0036213975
0.0066046957
0.0
0.012378993
0.0
0.0
0.051261652
0.0
0.0
0.074829556
0.0
0.03493188
0.0
0.16767031
0.035597228
0.05654513
0.0
0.0
0.0
0.0
0.0
0.0
0.0
0.0
0.0
0.018847913
0.0
0.0
0.0
0.10176371
0.070827425
0.07195543
0.09766706
0.0
0.0
0.0
0.12738489
0.0
0.25073242
0.0
0.0
0.017774219
0.0
0.23532929
0.0
0.0
0.09823334
0.0155314
0.0
0.077124104
0.0
0.0
0.046730317
0.0
0.0
0.0
0.0
0.0
0.22794549
0.0
0.0
0.081963286
0.13926768
0.13155788
0.16566485
0.0137361605
0.15491535
0.0
0.12273343
0.0
0.0
0.17745216
0.064899
0.14349368
0.0
0.0
0.0
0.12358196
0.0
0.16925219
0.16261336
0.15642127
0.18020673
0.014428765
0.12126801
0.0
0.0
0.0
0.072944775
0.069232896
0.0
0.0
0.017830875
0.0
0.046342935
0.06060332
0.0
0.0
0.15634206
0.0
0.13392906
0.0
0.0
0.0
0.053719234
0.0
0.0
0.008341376
0.34973943
0.09858943
0.12067371
0.017201424
0.0
0.03815481
0.036727883
0.0
0.06435008
