0.0
0.0
0.17369008
0.040394787
0.0
0.027507301
0.06361351
0.0
0.06549935
0.22436462
0.0
0.08349222
0.0
0.4299917
0.0
0.037072945
0.0
0.0
0.0
0.18681684
0.02096127
0.042088587
0.0048440904
0.0
0.13408336
0.0
0.0
0.15295371
0.0
0.0
0.0
0.0
4.5880675e-05
0.039341964
0.22113933
0.04610583
0.08579059
0.15783226
0.15878466
0.0
0.0
0.0
0.0
0.0
0.15564802
0.0
0.0
0.18118086
0.16284892
0.0
0.0
0.037042923
0.0
0.019019984
0.0
0.0
0.0
0.1245738
0.0815635
0.19445235
0.062189426
0.0630423
0.0
0.0
0.039490093
0.09322333
0.0
0.08759794
0.0
0.0
0.088773094
0.0
0.0
0.0
0.0018949006
0.01077501
0.0
0.13926405
0.0720262
0.16731855
0.14777386
0.042379983
0.0
0.0
0.20299126
0.0
0.10917034
0.0
0.061338883
0.11260983
0.16254836
0.0
0.13250327
0.040738672
0.0
0.082172394
0.09477633
0.0
0.22114573
0.1022414
0.13272282
0.09339435
0.0
0.00094125234
0.11615495
0.0
0.08179
0.0
0.0
0.0
0.2237027
0.0
0.13562171
0.30923977
0.0
0.07856777
0.0
0.0
0.0
0.007144183
0.0
0.0
0.0
0.002224043
0.0
0.09338599
0.122733325
0.0
0.33152375
0.0
0.10834417
0.2317449
0.09624341
0.0
0.0322176
0.0
0.04109718
0.01579099
0.20980185
0.22269037
0.109398015
0.15058887
0.04919417
0.053525608
0.1497386
0.17351755
0.0
0.015249705
0.0
0.13990217
0.0
0.0
0.13794115
0.0
0.17863625
0.0
0.0
0.0
0.0
0.1874275
0.20626287
0.0
0.06620664
0.124960095
0.0
0.24595974
0.0
0.0
0.0
0.06216655
0.009628536
0.045466304
0.0
0.045031186
0.17406715
0.0
0.016736967
0.049966395
0.0
0.0
0.0
0.0
0.0
0.0
0.28374496
0.017173845
0.007350552
0.06288197
0.27010748
0.0
0.0963682
0.1372443
0.047980905
0.07886174
0.17071325
0.0
0.0
0.0
0.028762545
0.0
0.20297135
0.0592645
0.32277864
0.16469896
0.0
0.09125953
0.12028918
0.25033343
0.11420745
0.057965815
0.019399196
0.22911775
0.0
0.12427474
0.03169823
0.04302538
0.07938138
0.0
0.12676325
0.13346696
0.0
0.14672987
0.029017275
0.1867545
0.0
0.0
0.0
0.1424345
0.0
0.0
0.0
0.0
0.10394898
0.0
0.0
0.0
0.0
0.22271042
0.013196479
0.14972025
0.0
0.004572453
0.0
0.0
0.0
0.0
0.0
0.0
0.06304238
0.0033105947
0.0
0.0
0.0
0.0
0.023693137
0.0
0.1786796
0.02277717
0.0
0.0
0.0
0.09294725
0.105211996
0.0
0.07374995
0.0
0.030256692
0.050363775
0.030962767
0.15611516
0.05416975
0.07771819
0.06465195
0.12395006
0.0817041
0.10000199
0.033625215
0.0
0.0
0.07783559
0.0
0.01359784
0.21106489
0.0
0.17092456
0.021389548
0.0725041
0.0
0.0
0.17555739
0.0
0.10908913
0.10606232
0.13394074
0.06665354
0.0
0.0
0.15281728
0.0
0.31019282
0.0
0.0
0.0
0.0
0.023325486
0.0
0.116529524
0.0
0.0
0.0
0.0
0.0
0.0
0.0
0.16745558
0.0
0.074524835
0.03831925
0.09794514
0.0
0.04883093
0.0
0.027851282
0.0
0.14102538
0.10115646
0.018692253
0.0
0.057455022
0.11846511
0.10910774
0.25719944
0.0
0.0
0.0
0.0
0.0
0.018742424
0.06585337
0.081425674
0.0
0.03639325
0.16024208
0.024638526
0.26801556
0.0
0.0
0.02611373
0.0
0.10230916
0.0
0.08906132
0.042341378
0.0
0.03052418
0.0
0.0
0.0
0.06445168
0.0
0.0
0.0
0.11028126
0.039501287
0.013321041
0.0
0.0
0.03468234
0.047976214
0.0
0.0
0.07140766
0.0
0.07199235
0.015206271
0.0
0.0
0.16376078
0.101213455
0.05895123
0.0077370983
0.0
0.19808204
0.0
0.04978542
0.0
0.27824587
0.024459051
0.0
0.0
0.17129146
0.0
0.0
0.0
0.055310078
0.15656179
0.0
0.0
0.035512835
0.20155463
0.0
0.06130597
0.016457476
0.0
0.25043386
0.0
0.0
0.0047510983
0.19922157
0.04755944
0.0
0.1132185
0.0
0.1827056
0.0
0.12184471
0.19928513
0.0
0.0
0.0
0.0
0.0
0.08479254
0.0
0.23167045
0.0
0.15790504
0.0
0.19503956
0.103369564
0.2359086
0.0
0.0
0.0046024807
0.3083629
0.0
0.15386139
0.012742627
0.0
0.00025761034
0.0
0.16687085
0.18369433
0.10476377
0.07246856
0.0
1.7099082e-05
0.027773965
0.076018594
0.02684964
0.0
0.057469934
0.074511826
0.0
0.0
0.0
0.012574593
0.0
0.0
0.0
0.04489269
0.0
0.0
0.047650144
0.08961907
0.005061986
0.0
0.0
0.024519563
0.0
0.10992821
0.05350305
0.0
0.10508707
0.0
0.0
0.04491375
0.005885655
0.0
0.0
0.0
0.04238306
0.016181597
0.0
0.00638517
0.0
0.009895501
0.0
0.0015618848
0.050031796
0.0
0.0
0.07368474
0.0
0.0345761
0.0
0.16602261
0.035991073
0.05750244
0.0
0.0
0.0
0.0
0.0
0.0
0.0
0.0
0.0
0.018244099
0.0
0.0
0.0
0.10089995
0.07415177
0.071823716
0.09788596
0.0
0.0
0.0
0.1265955
0.0
0.25196823
0.0
0.0
0.013553293
0.0
0.2352607
0.0
0.0
0.09664215
0.01998463
0.0
0.07778557
0.0
0.0
0.044774495
0.0
0.0
0.0
0.0
0.0
0.22665091
0.0
0.0
0.08478851
0.14256634
0.13461557
0.16420457
0.012791723
0.1516232
0.0
0.12236208
0.0
0.0
0.17841843
0.06499549
0.14124215
0.0
0.0
0.0
0.12551114
0.0
0.16881253
0.15925512
0.1570271
0.18288344
0.016959798
0.11909757
0.0
0.0
0.0
0.07277766
0.06507696
0.0
0.0
0.019413441
0.0
0.046927214
0.063588195
0.0
0.0
0.15440986
0.0010849442
0.13565761
0.0
0.0
0.0
0.050688688
0.0
0.0
0.010118012
0.34703484
0.097069755
0.12176839
0.020639353
0.0
0.03664501
0.039547823
0.0
0.06555143
