0.58100015
3.1215749
3.4124796
0.6773584
0.5600585
0.8526859
3.5349212
0.2603939
0.984899
3.6933289
0.0
1.834901
0.4742866
3.6485195
1.2953686
3.2836092
3.0982778
1.3568846
11.951528
3.386164
3.4382942
0.8407624
0.79519856
0.0
3.5769155
1.4043195
0.0
3.1868389
1.6651996
0.0
0.6417298
0.4051901
3.1126447
3.4639268
3.2404056
1.6323255
2.9938054
2.386939
3.4239383
1.0150862
3.0693135
11.523861
0.64908314
0.27371684
3.32034
2.2211444
1.0942936
3.349048
3.3865294
1.4272257
1.4499235
0.06098935
1.3794259
3.3168032
2.6978643
1.5305394
0.8237661
3.6233952
2.8135183
1.8065727
3.47153
3.4671686
0.8066517
1.5358675
1.410178
2.244576
0.0
3.2891397
1.2951039
0.6018166
3.2131314
0.7520597
0.0
0.0
0.3493466
1.0190848
0.938619
1.946352
3.283168
3.4983618
3.4244273
0.8532944
11.856888
4.823079
1.0953952
1.4297842
3.5612342
1.400388
3.4508812
3.424873
3.5997403
1.1990349
3.599755
1.5013583
0.5138537
3.13525
3.2102656
3.0483174
2.1197565
2.8301864
2.9629006
3.3761525
1.0172673
0.51301026
3.1837924
1.6049755
3.1785254
0.5136445
0.0
0.6504872
2.3853657
1.2462448
3.4310374
3.7072299
1.1760625
3.4810708
1.5093791
0.56726795
1.059489
2.9130151
0.50782764
0.96385336
0.0
2.958288
0.0
3.609486
1.8978684
1.0886649
3.6351824
1.6116898
3.2815266
3.5826247
3.1755862
0.0
0.7292441
1.3507928
3.0550034
3.0388181
2.9683769
3.4134197
1.3514863
3.4138417
3.2958622
1.4289961
3.4085362
3.1584823
0.071781926
2.7861154
2.1518788
2.4234083
3.0426493
0.92373085
3.546742
2.2200627
3.4388356
0.0
0.45623565
1.6286098
0.92085516
3.4809837
3.5836878
1.5345619
0.64941037
1.1559981
0.49551755
3.368185
0.9100407
0.5591936
0.7074336
3.155547
3.386924
0.90395135
0.89780384
1.2164422
1.3894291
0.0
0.5327623
3.1904972
2.7622747
0.9881843
0.65835357
0.3655584
3.1059082
0.3955298
3.3896217
2.835012
0.97006357
1.7952046
3.6266062
0.7234892
3.4280555
1.8595914
0.7658479
3.271115
3.3521657
0.58859634
0.82229304
0.0
1.9519185
0.92896134
3.2973228
0.99630344
2.5381246
3.4404254
0.81915826
3.1245103
2.0430386
3.6461391
3.3989015
3.1995907
3.1477005
3.1233103
0.35671163
3.2343624
3.168063
0.9852714
2.8117356
0.3916551
2.5607805
3.3613017
1.0086378
1.096963
1.6889747
3.2620099
0.10495864
1.2748255
0.29661518
1.4770517
0.74077463
0.0
0.48440272
1.0717041
3.8446646
1.3195392
1.3317673
0.97954875
0.0
3.1047623
1.6505437
3.3463595
0.0
1.0471964
0.0
3.1066837
0.70482945
0.8863194
0.0
3.3727164
3.0720751
2.0616376
0.0
3.1643178
0.720236
0.6263709
0.7954135
0.75941175
3.4741988
0.46371576
1.030213
0.77129436
1.8066524
0.85145694
1.0446569
1.3165183
3.3680415
0.0
3.2954023
0.6695494
1.4622298
2.51856
2.9834707
3.3490663
2.122904
3.3798056
3.4308538
0.8569136
1.4883647
1.2446145
0.31045645
2.3092668
0.6037212
3.3128939
3.4789207
0.52228737
3.5437074
1.1537594
1.2296474
0.591589
0.4486965
3.557184
1.3951944
3.14419
3.209929
3.560096
1.0079762
1.1203822
0.8600507
2.546093
2.728945
3.4129124
0.0
0.9624972
0.0
0.9855058
2.1293144
0.77378124
1.1957854
0.6302414
0.0
0.9119423
3.1923378
3.2800272
1.2244893
0.6558363
3.556721
1.2009871
3.4350915
3.1096244
2.4383862
0.80175704
3.1999168
0.70305234
0.84554505
0.0
3.3779755
3.2481165
3.1471953
0.82861793
3.1756885
3.5036683
3.1403103
2.6653416
0.47170436
0.0
0.0
0.4825097
0.4912963
1.4184498
0.76341057
3.470013
1.3803082
2.7294853
3.0952775
2.6165066
3.5259576
2.9733033
3.1338847
2.8113875
0.0
2.4270387
0.5661575
3.1664765
2.0106306
0.0
2.948151
0.85329914
0.0
0.7548278
0.8829017
0.90941143
0.5659661
3.46045
3.094344
0.5488005
3.3208368
1.1605552
0.52260625
1.6111845
1.1883245
0.8844863
0.5212915
1.2898536
0.471713
1.9398218
1.1829164
3.9302118
0.9900795
2.2958357
1.1343639
3.0853307
2.2616112
0.0
3.352598
0.0
2.3168235
0.66281843
3.386403
0.6464748
0.6369428
0.19336815
2.9425533
0.9435102
3.4190593
0.0
1.3780352
1.7268076
1.4531238
6.1529646
3.122247
3.708146
0.5538046
3.1566927
1.2541931
0.0
2.9775658
0.70456946
0.988212
3.3414834
2.0251536
0.7230993
3.4326622
1.6363759
0.0
3.2986393
0.3535836
3.1930993
3.4305918
0.9461748
0.59105694
0.0
2.154145
0.0
2.4833632
1.7607903
3.5870495
0.5687884
3.452517
0.9492806
3.2247853
3.3631134
3.609644
0.7512363
3.1687295
3.324258
3.1918676
1.1259918
2.0778441
3.409267
0.81893617
0.0
0.6528396
3.496106
0.9389126
2.387239
1.7940519
2.4905956
2.533082
0.8046452
1.2588941
3.0294428
0.78861713
0.95805377
3.214434
0.5171025
0.2977289
1.3474959
0.17192765
0.81626964
4.4073787
0.6385645
1.5280638
0.7372027
1.5104706
3.0461872
3.3928034
3.0760741
0.0
2.7728834
3.0373628
0.62289685
3.1552837
3.1693957
1.0796659
3.2739964
0.0
0.0
3.313222
1.1031057
0.0
0.6567095
1.1766422
3.244339
1.0593079
2.882826
1.1003164
1.2077448
3.2655506
0.83103687
2.7314904
2.408734
1.0981599
3.0988867
3.210578
0.0
3.1001167
0.0
3.31091
1.6509917
2.937213
0.0
1.5625885
0.0
0.52557284
0.9070075
4.0232267
0.0
0.0
1.4173383
2.9745862
0.6248229
0.74521565
1.4708725
1.2061188
0.9643321
3.06805
3.288274
2.8697438
3.0983927
0.93366367
2.3371608
0.5763595
2.0626607
0.95192015
3.0533502
0.93294704
0.35675192
3.469641
1.1378473
0.7079874
3.4177303
2.8820548
1.6010401
1.9542449
1.2739727
0.83330667
2.8820891
0.71967447
0.76062936
0.60837466
0.85128045
0.9934258
3.0778296
0.74714196
1.1862432
1.4937301
1.0453638
2.1005428
3.359595
3.330254
3.2029214
1.1462977
3.2530248
3.9725764
0.578884
3.673163
2.1182969
3.3243454
0.82442266
5.3732977
0.3912493
1.3196177
0.19133218
1.6118201
2.1137702
2.01738
3.3829105
2.7584765
3.3901508
0.6586998
0.38823155
2.131287
3.1496735
0.6294706
0.8498868
1.7653896
0.6623572
0.7113369
2.8606088
2.6929321
1.1193203
3.0056558
3.5764024
3.0804973
3.1212404
0.6658572
0.8748846
1.088214
1.0925772
1.3806325
3.1375372
1.2561781
3.4254265
3.2633178
3.1737726
3.3234935
0.0
3.3717453
1.0269383
3.2832174
3.0673723
