0.0
0.0
0.16923411
0.039822225
0.0
0.024461983
0.063872054
0.0
0.06665813
0.22496268
0.0
0.08373155
0.0
0.42776895
0.0
0.03914804
0.0
0.0
0.0
0.1835909
0.02018904
0.042720392
0.0034830165
0.0
0.13547815
0.0
0.0
0.15096991
0.0
0.0
0.0
0.0
0.0
0.03894939
0.22023551
0.047156982
0.088091835
0.15716514
0.15511332
0.0
0.0
0.0
0.0
0.0
0.15478455
0.0
0.0
0.18010475
0.16231553
0.0
0.0
0.03654924
0.0
0.020810027
0.0
0.0
0.0
0.12426137
0.08123198
0.19438006
0.05703636
0.06491554
0.0
0.0
0.03882723
0.09300076
0.0
0.08823836
0.0
0.0
0.08978508
0.0
0.0
0.0
0.00016188063
0.01005537
0.0
0.13944465
0.073167235
0.16521496
0.14857511
0.042362906
0.0
0.0
0.19936314
0.0
0.11177129
0.0
0.059403747
0.11500697
0.16239661
0.0
0.13658491
0.041357864
0.0
0.08559955
0.09409888
0.0
0.22168876
0.10081313
0.13353819
0.093692176
0.0
0.0
0.116386466
0.0
0.081196
0.0
0.0
0.0
0.22544163
0.0
0.13349256
0.3097745
0.0
0.07951649
0.0
0.0
0.0
0.005109759
0.0
0.0
0.0
0.0035762722
0.0
0.09339946
0.12215003
0.0
0.3323936
0.0
0.11179904
0.23207273
0.09698871
0.0
0.031057646
0.0
0.041536704
0.015229983
0.20987901
0.22121394
0.11015743
0.14973103
0.048510976
0.051599167
0.15365286
0.17459701
0.0
0.015480453
0.0
0.13996841
0.0
0.0
0.1380228
0.0
0.17753011
0.0
0.0
0.0
0.0
0.18439731
0.20830248
0.0
0.06339284
0.12748092
0.0
0.24754122
0.0
0.0
0.0
0.06537205
0.007452565
0.045243967
0.0
0.04621655
0.17205775
0.0
0.015687104
0.049499903
0.0
0.0
0.0
0.0
0.0
0.0
0.28247613
0.01815034
0.00827158
0.06299042
0.2706249
0.0
0.097208716
0.13821922
0.047619484
0.0796249
0.17134959
0.0
0.0
0.0
0.027517717
0.0
0.20256023
0.05845262
0.32213032
0.16429181
0.0
0.09404471
0.121182956
0.24914135
0.11449243
0.059937753
0.018924981
0.22791818
0.0
0.1258809
0.031617746
0.04441139
0.07895594
0.0
0.13074993
0.13358566
0.0
0.14557059
0.030004362
0.1858866
0.0
0.0
0.0
0.14214827
0.0
0.0
0.0
0.0
0.102625154
0.0
0.0
0.0
0.0
0.22428077
0.0118319485
0.14804614
0.0
0.0018819924
0.0
0.0
0.0
0.0
0.0
0.0
0.061608896
0.005044263
0.0
0.0
0.0
0.0
0.024289127
0.0
0.1782541
0.024044346
0.0
0.0
0.0
0.08993741
0.105027474
0.0
0.07225674
0.0
0.030404722
0.05263693
0.028556403
0.15523084
0.05486439
0.07902648
0.064967394
0.1241865
0.08022974
0.10249488
0.034190122
0.0
0.0
0.07862933
0.0
0.013481627
0.21347639
0.0
0.17095305
0.018602287
0.07204068
0.0
0.0
0.17451176
0.0
0.11216513
0.10474171
0.13414226
0.0654686
0.0
0.0
0.15293604
0.0
0.3105211
0.0
0.0
0.0
0.0
0.022993088
0.0
0.11645188
0.0
0.0
0.0
0.0
0.0
0.0
0.0
0.1701827
0.0
0.07501226
0.035981815
0.09707268
0.0
0.04952336
0.0
0.030578129
0.0
0.14241031
0.09989549
0.018501334
0.0
0.06175296
0.11720297
0.11060258
0.25604248
0.0
0.0
0.0
0.0
0.0
0.016102988
0.063103974
0.08002259
0.0
0.038261622
0.1573461
0.027185889
0.26907983
0.0
0.0
0.023608621
0.0
0.10432476
0.0
0.089638576
0.044113006
0.0
0.03121699
0.0
0.0
0.0
0.06593697
0.0
0.0
0.0
0.11021386
0.04086726
0.016010279
0.0
0.0
0.033980545
0.045522697
0.0
0.0
0.07166853
0.0
0.07240815
0.014725291
0.0
0.0
0.1623421
0.10304285
0.06077399
0.005953865
0.0
0.19669093
0.0
0.051520787
0.0
0.28073737
0.022843951
0.0
0.0
0.171209
0.0
0.0
0.0
0.054026436
0.15715761
0.0
0.0
0.034923814
0.20152783
0.0
0.057946827
0.014618325
0.0
0.24964137
0.0
0.0
0.0020078234
0.19629997
0.047709152
0.0
0.11205398
0.0
0.18062961
0.0
0.1256641
0.20176399
0.0
0.0
0.0
0.0
0.0
0.08365022
0.0
0.23176834
0.0
0.15911701
0.0
0.19582263
0.10280269
0.23372422
0.0
0.0
0.003212072
0.30920425
0.0
0.15144403
0.013735839
0.0
0.0021012034
0.0
0.16731946
0.18455069
0.10137932
0.07070443
0.0
0.0
0.024212442
0.07774228
0.030358195
0.0
0.05811084
0.07322203
0.0
0.0
0.0
0.013391172
0.0
0.0
0.0
0.04501284
0.0
0.0
0.047753714
0.0906553
0.0063398965
0.0
0.0
0.025997635
0.0
0.11006027
0.057048857
0.0
0.104590505
0.0
0.0
0.04587551
0.0071369745
0.0
0.0
0.0
0.04158484
0.017211756
0.0031184033
0.0067165773
0.0
0.011164357
0.0
0.0
0.05051686
0.0
0.0
0.07500904
0.0
0.034556508
0.0
0.16604373
0.034793127
0.05716051
0.0
0.0
0.0
0.0
0.0
0.0
0.0
0.0
0.0
0.01883864
0.0
0.0
0.0
0.10003952
0.07123274
0.07255087
0.09796192
0.0
0.0
0.0
0.12655577
0.0
0.25092533
0.0
0.0
0.01662349
0.0
0.23594992
0.0
0.0
0.096872546
0.01584728
0.0
0.077333346
0.0
0.0
0.045986574
0.0
0.0
0.0
0.0
0.0
0.22780484
0.0
0.0
0.082254045
0.1392763
0.13140586
0.16531312
0.012502509
0.15425074
0.0
0.12284885
0.0
0.0
0.17773652
0.06513643
0.14267193
0.0
0.0
0.0
0.124954484
0.0
0.16800539
0.16127747
0.15685233
0.18095563
0.016121825
0.120310694
0.0
0.0
0.0
0.072667226
0.06781244
0.0
0.0
0.018285029
0.0
0.04735593
0.06094087
0.0
0.0
0.15522286
0.0
0.13490857
0.0
0.0
0.0
0.052894764
0.0
0.0
0.009481799
0.34845495
0.0981801
0.12042638
0.01799639
0.0
0.03798736
0.037714247
0.0
0.0647542
