0.0
0.0
0.17059827
0.040013537
0.0
0.02506609
0.06407442
0.0
0.066058256
0.22481322
0.0
0.08313617
0.0
0.4281929
0.0
0.037909426
0.0
0.0
0.0
0.18500873
0.020576935
0.04311899
0.004478837
0.0
0.13487487
0.0
0.0
0.15171182
0.0
0.0
0.0
0.0
0.0
0.03905043
0.2207383
0.047236525
0.087160416
0.15696533
0.15683293
0.0
0.0
0.0
0.0
0.0
0.15498497
0.0
0.0
0.17966372
0.16261151
0.0
0.0
0.036963176
0.0
0.020329557
0.0
0.0
0.0
0.12489413
0.08154952
0.19408134
0.058828287
0.06492659
0.0
0.0
0.03928651
0.09304947
0.0
0.08783269
0.0
0.0
0.08989807
0.0
0.0
0.0
0.0005220771
0.010307075
0.0
0.13947803
0.072798155
0.16617274
0.1478494
0.042414397
0.0
0.0
0.20006652
0.0
0.11150347
0.0
0.060051493
0.11382075
0.16247766
0.0
0.13541512
0.041541662
0.0
0.08423747
0.09462595
0.0
0.22162499
0.10122651
0.13312854
0.09327232
0.0
0.00026643462
0.11616938
0.0
0.08110214
0.0
0.0
0.0
0.22453356
0.0
0.13483477
0.30988955
0.0
0.07936033
0.0
0.0
0.0
0.005464809
0.0
0.0
0.0
0.0032222737
0.0
0.09371734
0.122309946
0.0
0.33225682
0.0
0.11046587
0.2320019
0.09747196
0.0
0.03138289
0.0
0.041522656
0.015879
0.20986184
0.2216308
0.10996241
0.15019292
0.04911987
0.052070953
0.15225352
0.174477
0.0
0.015356283
0.0
0.13969201
0.0
0.0
0.13820063
0.0
0.1779781
0.0
0.0
0.0
0.0
0.18473503
0.20749836
0.0
0.064036265
0.12681451
0.0
0.24745975
0.0
0.0
0.0
0.0645243
0.008244326
0.045474768
0.0
0.045785233
0.1725506
0.0
0.015941922
0.049442265
0.0
0.0
0.0
0.0
0.0
0.0
0.28261817
0.018042741
0.007870098
0.062738396
0.27001613
0.0
0.09661977
0.13773409
0.047834225
0.07940143
0.1713722
0.0
0.0
0.0
0.027513942
0.0
0.20257266
0.058891866
0.32241657
0.16400748
0.0
0.09310785
0.12106097
0.24961369
0.114371754
0.058894537
0.019104138
0.22791404
0.0
0.12538366
0.031671796
0.044034686
0.07847059
0.0
0.12938242
0.13323367
0.0
0.1457975
0.029642554
0.1865249
0.0
0.0
0.0
0.14223416
0.0
0.0
0.0
0.0
0.10276083
0.0
0.0
0.0
0.0
0.22396217
0.011812999
0.14840643
0.0
0.00254671
0.0
0.0
0.0
0.0
0.0
0.0
0.06224696
0.004409708
0.0
0.0
0.0
0.0
0.024133213
0.0
0.17823845
0.023477463
0.0
0.0
0.0
0.09069059
0.10520655
0.0
0.07261495
0.0
0.030490208
0.05188234
0.029553346
0.15587352
0.054271284
0.078494266
0.06486276
0.1240193
0.08093467
0.10210666
0.034201417
0.0
0.0
0.07789093
0.0
0.013718644
0.21299839
0.0
0.17085345
0.019709036
0.07235348
0.0
0.0
0.17514919
0.0
0.11091081
0.10490366
0.13402364
0.06565052
0.0
0.0
0.1528902
0.0
0.3106067
0.0
0.0
0.0
0.0
0.022793677
0.0
0.116743505
0.0
0.0
0.0
0.0
0.0
0.0
0.0
0.16875562
0.0
0.07511902
0.037024397
0.09730391
0.0
0.04917868
0.0
0.029652752
0.0
0.14182149
0.10088296
0.019064019
0.0
0.060367916
0.1177252
0.110498674
0.25634167
0.0
0.0
0.0
0.0
0.0
0.01695944
0.06386194
0.08062437
0.0
0.0372866
0.15825991
0.026340527
0.26899245
0.0
0.0
0.024662973
0.0
0.10359224
0.0
0.089174524
0.04345354
0.0
0.03152192
0.0
0.0
0.0
0.065235235
0.0
0.0
0.0
0.1106239
0.039996773
0.015244309
0.0
0.0
0.034332536
0.046241798
0.0
0.0
0.07182769
0.0
0.07235819
0.015135109
0.0
0.0
0.16291499
0.10244064
0.060206894
0.006206475
0.0
0.1971805
0.0
0.050756566
0.0
0.27994308
0.02347866
0.0
0.0
0.17112055
0.0
0.0
0.0
0.05477478
0.15710653
0.0
0.0
0.03510851
0.2018389
0.0
0.05904452
0.01530793
0.0
0.24997963
0.0
0.0
0.002903507
0.19753474
0.047988813
0.0
0.11272572
0.0
0.18102828
0.0
0.12431799
0.20093422
0.0
0.0
0.0
0.0
0.0
0.08332524
0.0
0.23136488
0.0
0.158191
0.0
0.19557251
0.10283998
0.2349181
0.0
0.0
0.0037174518
0.30879986
0.0
0.15260935
0.013613898
0.0
0.0017205048
0.0
0.16729999
0.18405001
0.10220264
0.07154962
0.0
0.0
0.025335992
0.07697317
0.029432539
0.0
0.057659015
0.07340909
0.0
0.0
0.0
0.012806462
0.0
0.0
0.0
0.045047484
0.0
0.0
0.04775419
0.08986557
0.006104148
0.0
0.0
0.025814924
0.0
0.109724656
0.05541007
0.0
0.10451718
0.0
0.0
0.045450848
0.007043005
0.0
0.0
0.0
0.04170744
0.016823493
0.0019304752
0.0063855387
0.0
0.010384664
0.0
0.0
0.050500333
0.0
0.0
0.07469118
0.0
0.034108788
0.0
0.16635263
0.03455478
0.057512973
0.0
0.0
0.0
0.0
0.0
0.0
0.0
0.0
0.0
0.018655965
0.0
0.0
0.0
0.09977172
0.072155274
0.07214203
0.098650604
0.0
0.0
0.0
0.12593102
0.0
0.2518183
0.0
0.0
0.015865395
0.0
0.23586513
0.0
0.0
0.09642289
0.017201979
0.0
0.07712555
0.0
0.0
0.045182474
0.0
0.0
0.0
0.0
0.0
0.22743078
0.0
0.0
0.083272025
0.14019512
0.13242452
0.16490439
0.012348458
0.1537247
0.0
0.122329906
0.0
0.0
0.17795919
0.06532158
0.14273085
0.0
0.0
0.0
0.124958776
0.0
0.16793169
0.16063908
0.1569162
0.1816044
0.017027201
0.11972152
0.0
0.0
0.0
0.07268137
0.06669091
0.0
0.0
0.019030789
0.0
0.047346264
0.06157597
0.0
0.0
0.15511638
0.0
0.1354145
0.0
0.0
0.0
0.05188747
0.0
0.0
0.01048578
0.3481983
0.09785449
0.12104588
0.01885541
0.0
0.038342413
0.038764376
0.0
0.06495814
