0.0
0.0
0.17279081
0.039209783
0.0
0.025358425
0.06436736
0.0
0.064716116
0.22497503
0.0
0.081709936
0.0
0.42781934
0.0
0.03602755
0.0
0.0
0.0
0.18787903
0.021047905
0.044743977
0.006500336
0.0
0.13376354
0.0
0.0
0.1533999
0.0
0.0
0.0
0.0
0.0005343221
0.03898341
0.22167584
0.048180584
0.08571643
0.15670894
0.15926187
0.0
0.0
0.0
0.0
0.0
0.1547619
0.0
0.0
0.17815682
0.16285492
0.0
0.0
0.038217235
0.0
0.02052241
0.0
0.0
0.0
0.12616745
0.08301262
0.19332021
0.061263196
0.066182844
0.0
0.0
0.039849397
0.093316264
0.0
0.08702597
0.0
0.0
0.090635195
0.0
0.0
0.0
0.00056434236
0.010662602
0.0
0.13894945
0.072557956
0.16717581
0.14694422
0.042851184
0.0
0.0
0.20141019
0.0
0.111874364
0.0
0.06039971
0.111678354
0.16248003
0.0
0.13418438
0.0423566
0.0
0.08160349
0.09519022
0.0
0.22195749
0.1018859
0.13297084
0.09299342
0.0
0.0006477665
0.11492788
0.0
0.08065419
0.0
0.0
0.0
0.22272381
0.0
0.13721527
0.30936307
0.0
0.07937773
0.0
0.0
0.0
0.005617354
0.0
0.0
0.0
0.0035706135
0.0
0.095078364
0.122368105
0.0
0.3327275
0.0
0.10912663
0.23127045
0.09888488
0.0
0.03085851
0.0
0.041770894
0.01753562
0.20876409
0.22236553
0.110140696
0.15089315
0.04961902
0.053097345
0.15090178
0.17458054
0.0
0.0150766885
0.0
0.1392433
0.0
0.0
0.13798174
0.0
0.1785394
0.0
0.0
0.0
0.0
0.18474253
0.20597614
0.0
0.063945904
0.1260214
0.0
0.24796678
0.0
0.0
0.0
0.06431014
0.008708388
0.04690052
0.0
0.04517971
0.17308155
0.0
0.01656707
0.04948253
0.0
0.0
0.0
0.0
0.0
0.0
0.28251085
0.018540947
0.0070296163
0.061468724
0.2681915
0.0
0.09592352
0.136829
0.048502367
0.07935135
0.17209315
0.0
0.0
0.0
0.027033243
0.0
0.20285852
0.060000658
0.32173103
0.16340242
0.0
0.09177277
0.1205549
0.2503891
0.11431865
0.05711982
0.019309506
0.22768432
0.0
0.12517442
0.031940173
0.043021508
0.077367224
0.0
0.1275231
0.13291444
0.0
0.14613819
0.02842293
0.18724778
0.0
0.0
0.0
0.14311706
0.0
0.0
0.0
0.0
0.10317193
0.0
0.0
0.0
0.0
0.22399186
0.012017322
0.14927325
0.0
0.0036974773
0.0
0.0
0.0
0.0
0.0
0.0
0.06316384
0.0030559245
0.0
0.0
0.0
0.0
0.022789529
0.0
0.17773384
0.023011822
0.0
0.0
0.0
0.09127147
0.10535042
0.0
0.07331493
0.0
0.030295594
0.050689656
0.030941984
0.15715341
0.053022616
0.077828
0.064399034
0.1227619
0.08255823
0.101809315
0.035042975
0.0
0.0
0.07671493
0.0
0.013608836
0.21194719
0.0
0.1709315
0.020600695
0.07265264
0.0
0.0
0.17629534
0.0
0.109263584
0.10504394
0.1334495
0.065926865
0.0
0.0
0.15311275
0.0
0.31086966
0.0
0.0
0.0
0.0
0.02284507
0.0
0.11780845
0.0
0.0
0.0
0.0
0.0
0.0
0.0
0.1670453
0.0
0.07558748
0.038839296
0.09724141
0.0
0.048597902
0.0
0.028773425
0.0
0.14036535
0.101638444
0.019960037
0.0
0.05845054
0.11775179
0.10962126
0.2567893
0.0
0.0
0.0
0.0
0.0
0.017933875
0.06468438
0.08158372
0.0
0.035936
0.15913911
0.02543741
0.269168
0.0
0.0
0.025404867
0.0
0.10233314
0.0
0.08822116
0.042148296
0.0
0.032223564
0.0
0.0
0.0
0.06411802
0.0
0.0
0.0
0.11184765
0.038512155
0.014375386
0.0
0.0
0.03524961
0.04738244
0.0
0.0
0.072041124
0.0
0.0726183
0.014976483
0.0
0.0
0.16363403
0.10110307
0.059404742
0.0062990673
0.0
0.19775577
0.0
0.048840087
0.0
0.27829382
0.024228109
0.0
0.0
0.1709412
0.0
0.0
0.0
0.055545356
0.15753956
0.0
0.0
0.03582856
0.20227471
0.0
0.06024981
0.0153185
0.0
0.25049847
0.0
0.0
0.0047359625
0.19938557
0.04771541
0.0
0.114269055
0.0
0.1813403
0.0
0.12147484
0.20025092
0.0
0.0
0.0
0.0
0.0
0.082652226
0.0
0.23073187
0.0
0.15683684
0.0
0.19390216
0.10338243
0.2364148
0.0
0.0
0.0047289403
0.30775225
0.0
0.15345655
0.012625493
0.0
0.0007430129
0.0
0.16727315
0.18316606
0.102968045
0.072473675
0.0
0.00011921022
0.026392996
0.07610813
0.02956013
0.0
0.05674457
0.073408835
0.0
0.0
0.0
0.012063508
0.0
0.0
0.0
0.044751633
0.0
0.0
0.048533402
0.08884265
0.006503761
0.0
0.0
0.025838625
0.0
0.10839817
0.05364067
0.0
0.10497631
0.0
0.0
0.043962628
0.0076676514
0.0
0.0
0.0
0.04156898
0.016080271
0.0004551839
0.006007053
0.0
0.008755928
0.0
7.536728e-06
0.049935453
0.0
0.0
0.074723825
0.0
0.03289528
0.0
0.16552547
0.033378847
0.05816353
0.0
0.0
0.0
0.0
0.0
0.0
0.0
0.0
0.0
0.018736314
0.0
0.0
0.0
0.097724065
0.073569566
0.072212756
0.09963745
0.0
0.0
0.0
0.124314815
0.0
0.25301054
0.0
0.0
0.014388713
0.0
0.23627217
0.0
0.0
0.09489136
0.01833443
0.0
0.076874025
0.0
0.0
0.043784596
0.0
0.0
0.0
0.0
0.0
0.2268876
0.0
0.0
0.084776364
0.14091979
0.13335621
0.16412234
0.011285394
0.15275846
0.0
0.12150516
0.0
0.0
0.17826068
0.06588377
0.1421829
0.0
0.0
0.0
0.1259819
0.0
0.16691889
0.15911528
0.157354
0.18288009
0.019279784
0.11794495
0.0
0.0
0.0
0.07236872
0.0644942
0.0
0.0
0.02007717
0.0
0.04816621
0.06230896
0.0
0.0
0.15432598
0.0003239382
0.13680595
0.0
0.0
0.0
0.05047228
0.0
0.0
0.012726064
0.3474018
0.096963786
0.12130188
0.020247154
0.0
0.03886303
0.040905997
0.0
0.0655043
