0.0
0.0
0.17449069
0.039073955
0.0
0.025436444
0.0647034
0.0
0.06368439
0.22517015
0.0
0.080522396
0.0
0.4276487
0.0
0.034493987
0.0
0.0
0.0
0.19027905
0.021437842
0.046175286
0.008535136
0.0
0.13282932
0.0
0.0
0.15467624
0.0
0.0
0.0
0.0
0.0013423599
0.03892921
0.2226782
0.048788726
0.08431544
0.1563997
0.1615177
0.0
0.0
0.0
0.0
0.0
0.15470418
0.0
0.0
0.17670542
0.16287561
0.0
0.0
0.039098963
0.0
0.020383358
0.0
0.0
0.0
0.12731054
0.08403241
0.19265082
0.063386284
0.067191124
0.0
0.0
0.04076379
0.09346654
0.0
0.08638434
0.0
0.0
0.09121371
0.0
0.0
0.0
0.0006986987
0.01101975
0.0
0.13860667
0.07221664
0.16812748
0.14600472
0.043158557
0.0
0.0
0.20208766
0.0
0.11238068
0.0
0.06096459
0.11007063
0.16248406
0.0
0.13321865
0.043141972
0.0
0.07946278
0.095693246
0.0
0.22214706
0.102298126
0.1326823
0.09273648
0.0
0.00078812987
0.11394284
0.0
0.08023273
0.0
0.0
0.0
0.22146945
0.0
0.13935146
0.30935797
0.0
0.07955366
0.0
0.0
0.0
0.005852366
0.0
0.0
0.0
0.0035645422
0.0
0.09608781
0.122645214
0.0
0.33304736
0.0
0.10793558
0.23087293
0.100185595
0.0
0.030670855
0.0
0.04176724
0.018633243
0.20806094
0.22297882
0.11022346
0.15169308
0.05035622
0.054004405
0.14945084
0.1743821
0.0
0.014657857
0.0
0.13853337
0.0
0.0
0.13803999
0.0
0.17894931
0.0
0.0
0.0
0.0
0.18483321
0.20439923
0.0
0.06414362
0.12555683
0.0
0.24827814
0.0
0.0
0.0
0.06387138
0.009138357
0.04825568
0.0
0.044840086
0.17358495
0.0
0.017125946
0.049452487
0.0
0.0
0.0
0.0
0.00023458409
0.0
0.28283143
0.018792765
0.0065689944
0.06074674
0.26667392
0.0
0.0950477
0.13610516
0.048670735
0.07921358
0.17256224
0.0
0.0
0.0
0.026405226
0.0
0.20307665
0.060783774
0.32137966
0.16257313
0.0
0.09066262
0.12039052
0.25092244
0.1143814
0.055411153
0.019463163
0.2275227
0.0
0.12487534
0.032023996
0.04252097
0.07633968
0.0
0.12596901
0.13259321
0.0
0.14634383
0.027491909
0.18800876
0.0
0.0
0.0
0.14368959
0.0
0.0
0.0
0.0
0.103274256
0.0
0.0
0.0
0.0
0.22423093
0.011818761
0.15006001
0.0
0.0045854123
0.0
0.0
0.0
0.0
0.0
0.0
0.064027265
0.002110431
0.0
0.0
0.0
0.0
0.021682542
0.0
0.17729443
0.022769049
0.0
0.0
0.0
0.09166467
0.10561929
0.0
0.07392235
0.0
0.030187327
0.049701154
0.032343503
0.1581528
0.05189244
0.07716205
0.063995615
0.12183302
0.08408275
0.10159425
0.03605055
0.0
0.0
0.07581931
0.0
0.013532415
0.21126896
0.0
0.17129987
0.021419983
0.07317967
0.0
0.0
0.17736696
0.0
0.10768048
0.10518603
0.13286145
0.06589719
0.0
0.0
0.1532948
0.0
0.31107864
0.0
0.0
0.0
0.0
0.02269894
0.0
0.118497774
0.0
0.0
0.0
0.0
0.0
0.0
0.0
0.16532709
0.0
0.07611539
0.040272564
0.09717189
0.0
0.04811926
0.0
0.028038595
0.0
0.13917336
0.10246951
0.020855274
0.0
0.05673651
0.11788412
0.10907424
0.25731426
0.0
0.0
0.0
0.0
0.0
0.018879563
0.06568442
0.08238233
0.0
0.034881387
0.1600791
0.024577798
0.26936096
0.0
0.0
0.026299935
0.0
0.101196624
0.0
0.08754221
0.041104052
0.0
0.03293187
0.0
0.0
0.0
0.063379146
0.0
0.0
0.0
0.112629235
0.037045248
0.013558175
0.0
0.0
0.036008194
0.048473895
0.0
0.0
0.07223212
0.0
0.07274335
0.015091404
0.0
0.0
0.16406056
0.10023284
0.05864718
0.006083075
0.0
0.19829969
0.0
0.047335688
0.0
0.27723598
0.024876043
0.0
0.0
0.1707555
0.0
0.0
0.0
0.056204394
0.15779491
0.0
0.0
0.036173593
0.20276633
0.0
0.06151913
0.015786791
0.0
0.25091147
0.0
0.0
0.0061339512
0.20101434
0.04775603
0.0
0.11540817
0.0
0.18151104
0.0
0.11930375
0.19971168
0.0
0.0
0.0
0.0
0.0
0.082063295
0.0
0.23016965
0.0
0.1556713
0.0
0.19285853
0.10354976
0.2380675
0.0
0.0
0.0057967165
0.30687815
0.0
0.15474075
0.011939179
0.0
7.628836e-05
0.0
0.1673471
0.1822289
0.10359549
0.0732939
0.0
0.0007304484
0.027235111
0.07526587
0.029194906
0.0
0.055979177
0.07350601
0.0
0.0
0.0
0.011084
0.0
0.0
0.0
0.04459758
0.0
0.0
0.04894398
0.08800356
0.0067295795
0.0
0.0
0.025809685
0.0
0.10755793
0.05195694
0.0
0.105247796
0.0
0.0
0.042735137
0.008234695
0.0
0.0
0.0
0.041351847
0.015502646
0.0
0.005616965
0.0
0.007646052
0.0
0.00018165028
0.04955402
0.0
0.0
0.074671686
0.0
0.03166621
0.0
0.16515365
0.03245319
0.058667537
0.0
0.0
0.0
0.0
0.0
0.0
0.0
0.0
0.0
0.018820196
0.0
0.0
0.0
0.0961495
0.075041935
0.07202821
0.10066817
0.0
0.0
0.0
0.122794874
0.0
0.25424618
0.0
0.0
0.013325591
0.0
0.23639919
0.0
0.0
0.09386798
0.019286476
0.0
0.07659537
0.0
0.0
0.04274767
0.0
0.0
0.0
0.0
0.0
0.22622688
0.0
0.0
0.085986376
0.14151935
0.13438158
0.16343568
0.010714168
0.151988
0.0
0.1205792
0.0
0.0
0.1785305
0.06643905
0.14189497
0.0
0.0
0.0
0.12646775
0.0
0.16621992
0.15807112
0.15777397
0.18373317
0.021231912
0.116379164
0.0
0.0
0.0
0.072201476
0.06267449
0.0
0.0
0.020898946
0.0
0.048813242
0.06287625
0.0
0.0
0.15402423
0.00060464814
0.13797541
0.0
0.0
0.0
0.049451742
0.0
0.0
0.014692021
0.34707987
0.096201815
0.12168
0.021196153
0.0
0.03955353
0.042820126
0.0
0.06597758
