0.0
0.0
0.17484514
0.03933388
0.0
0.026198007
0.06434824
0.0
0.06395641
0.22495443
0.0
0.08109419
0.0
0.42860553
0.0
0.03422736
0.0
0.0
0.0
0.18992902
0.021502543
0.04482782
0.007547769
0.0
0.13306925
0.0
0.0
0.15469998
0.0
0.0
0.0
0.0
0.0012710206
0.039016936
0.22220142
0.047960084
0.08485027
0.15680014
0.16117212
0.0
0.0
0.0
0.0
0.0
0.15512067
0.0
0.0
0.178215
0.16317634
0.0
0.0
0.038756482
0.0
0.020073418
0.0
0.0
0.0
0.12653437
0.08348165
0.19318856
0.06389666
0.0662071
0.0
0.0
0.040220525
0.09340695
0.0
0.08672182
0.0
0.0
0.09059045
0.0
0.0
0.0
0.001228923
0.010920165
0.0
0.13871361
0.072160974
0.16839248
0.14663805
0.0430849
0.0
0.0
0.20274518
0.0
0.11116762
0.0
0.061185103
0.11065693
0.16251068
0.0
0.13237298
0.042417604
0.0
0.0797371
0.09571411
0.0
0.22171101
0.102732696
0.13251449
0.092658624
0.0
0.0012546182
0.114406176
0.0
0.080704935
0.0
0.0
0.0
0.22163108
0.0
0.1383619
0.30916426
0.0
0.07926903
0.0
0.0
0.0
0.006176254
0.0
0.0
0.0
0.002993431
0.0
0.09540765
0.122640654
0.0
0.3324004
0.0
0.107370734
0.23077302
0.09916247
0.0
0.031201381
0.0
0.04213631
0.018034006
0.20846453
0.22321023
0.10960241
0.15135747
0.049998067
0.053960085
0.14944288
0.1742281
0.0
0.01493663
0.0
0.13892272
0.0
0.0
0.1378452
0.0
0.17895807
0.0
0.0
0.0
0.0
0.18569854
0.20505455
0.0
0.06503334
0.12507999
0.0
0.24771702
0.0
0.0
0.0
0.06308829
0.00950782
0.0475819
0.0
0.04466877
0.17367429
0.0
0.017075706
0.049669534
0.0
0.0
0.0
0.0
0.00029798213
0.0
0.28267238
0.01818717
0.0064653624
0.06097062
0.267165
0.0
0.09530725
0.13646488
0.048918374
0.079317465
0.1721043
0.0
0.0
0.0
0.02713361
0.0
0.20315193
0.060511366
0.32200673
0.16345696
0.0
0.090244785
0.11998532
0.2509954
0.114206865
0.05589223
0.019605663
0.22803126
0.0
0.12481718
0.032024227
0.042135056
0.07713214
0.0
0.12576014
0.13281707
0.0
0.14653459
0.027482009
0.1879829
0.0
0.0
0.0
0.14344165
0.0
0.0
0.0
0.0
0.103905335
0.0
0.0
0.0
0.0
0.22357036
0.012516906
0.14998779
0.0
0.0051980484
0.0
0.0
0.0
0.0
0.0
0.0
0.063837536
0.0022930168
0.0
0.0
0.0
0.0
0.022348285
0.0
0.17776453
0.02256012
0.0
0.0
0.0
0.092629805
0.105351165
0.0
0.07391472
0.0
0.030323006
0.049735896
0.031771548
0.15779929
0.052755184
0.07718575
0.063980654
0.12206201
0.0834655
0.101000115
0.035050377
0.0
0.0
0.076023355
0.0
0.01370749
0.2109005
0.0
0.17094848
0.02193235
0.0728352
0.0
0.0
0.17704998
0.0
0.107808955
0.10539442
0.13321663
0.066402234
0.0
0.0
0.152984
0.0
0.31063735
0.0
0.0
0.0
0.0
0.022952717
0.0
0.117738806
0.0
0.0
0.0
0.0
0.0
0.0
0.0
0.16551752
0.0
0.07572062
0.04017001
0.09762611
0.0
0.04831845
0.0
0.027650367
0.0
0.1396313
0.10217951
0.020257885
0.0
0.056420103
0.11812757
0.10876375
0.25722164
0.0
0.0
0.0
0.0
0.0
0.0190651
0.06601128
0.08283615
0.0
0.03481859
0.16061737
0.023925554
0.26882935
0.0
0.0
0.026475666
0.0
0.101165056
0.0
0.08804667
0.04119975
0.0
0.032206923
0.0
0.0
0.0
0.063521326
0.0
0.0
0.0
0.11248299
0.03731348
0.012974507
0.0
0.0
0.036090113
0.04858946
0.0
0.0
0.071914725
0.0
0.072666444
0.015244862
0.0
0.0
0.16468102
0.100200735
0.0585265
0.0068950476
0.0
0.19865786
0.0
0.04783522
0.0
0.27667022
0.025376644
0.0
0.0
0.1711339
0.0
0.0
0.0
0.056094673
0.15700018
0.0
0.0
0.03624264
0.20234947
0.0
0.06185452
0.01591947
0.0
0.25104052
0.0
0.0
0.006146117
0.20122485
0.047691487
0.0
0.11501344
0.0
0.18234807
0.0
0.11939795
0.19947593
0.0
0.0
0.0
0.0
0.0
0.083224684
0.0
0.23052563
0.0
0.15573172
0.0
0.19291806
0.10389547
0.23748513
0.0
0.0
0.005447275
0.30733094
0.0
0.15441546
0.011857348
0.0
0.0
0.0
0.1670709
0.18240806
0.10409529
0.07309862
0.0
0.0009941095
0.027934216
0.075276546
0.028349586
0.0
0.056180403
0.0737215
0.0
0.0
0.0
0.011483451
0.0
0.0
0.0
0.044356093
0.0
0.0
0.04849563
0.08838591
0.005970332
0.0
0.0
0.02534836
0.0
0.107930206
0.05204236
0.0
0.10527712
0.0
0.0
0.043321528
0.007358526
0.0
0.0
0.0
0.04189693
0.015467072
0.0
0.005615946
0.0
0.008095909
0.0
0.000720948
0.049516812
0.0
0.0
0.074321434
0.0
0.03224747
0.0
0.16545884
0.033455934
0.058430653
0.0
0.0
0.0
0.0
0.0
0.0
0.0
0.0
0.0
0.018402254
0.0
0.0
0.0
0.09721011
0.075015895
0.07179916
0.0997916
0.0
0.0
0.0
0.12382259
0.0
0.2536672
0.0
0.0
0.01293955
0.0
0.23632015
0.0
0.0
0.09433231
0.019907128
0.0
0.07660123
0.0
0.0
0.042817555
0.0
0.0
0.0
0.0
0.0
0.2265322
0.0
0.0
0.08642036
0.14233926
0.13450024
0.16330929
0.011303633
0.15176623
0.0
0.12076507
0.0
0.0
0.17831747
0.06626684
0.1417324
0.0
0.0
0.0
0.12658322
0.0
0.16716501
0.15795164
0.15767474
0.18383144
0.020099696
0.11678967
0.0
0.0
0.0
0.072240435
0.06304638
0.0
0.0
0.020750329
0.0
0.048164655
0.06341539
0.0
0.0
0.15369153
0.0011092303
0.13744752
0.0
0.0
0.0
0.049002036
0.0
0.0
0.013547161
0.34718755
0.09629288
0.12174781
0.021720717
0.0
0.038721927
0.04234284
0.0
0.06560993
