0.0
0.0
0.17917785
0.038499754
0.0
0.028434053
0.06370298
0.0
0.06279334
0.22482163
0.0
0.081096746
0.0
0.4298715
0.0
0.03310844
0.0
0.0
0.0
0.19269204
0.022045724
0.044999983
0.008568647
0.0
0.1316353
0.0
0.0
0.15632968
0.0
0.0
0.0
0.0
0.0019593127
0.03888639
0.22316518
0.047437325
0.08310442
0.1579793
0.16327925
0.0
0.0
0.0
0.0
0.0
0.15546414
0.0
0.0
0.17875935
0.1635362
0.0
0.0
0.039445847
0.0
0.019584063
0.0
0.0
0.0
0.12645155
0.08460945
0.19326864
0.0677174
0.06546834
0.0
0.0
0.04016998
0.093970224
0.0
0.08614954
0.0
0.0
0.09004095
0.0
0.0
0.0
0.0025186744
0.01102869
0.0
0.13824756
0.07184172
0.16940704
0.14711958
0.04313828
0.0
0.0
0.2069402
0.0
0.109146476
0.0
0.061883315
0.108717814
0.162293
0.0
0.12980053
0.04190633
0.0
0.07651475
0.09537575
0.0
0.22145662
0.10374413
0.1329107
0.093245104
0.0
0.0015292987
0.113309994
0.0
0.08102455
0.0
0.0
0.0
0.21994631
0.0
0.13956384
0.30766058
0.0
0.07825432
0.0
0.0
0.0
0.007996824
0.0
0.0
0.0
0.0027523004
0.0
0.09637996
0.122492984
0.0
0.33260706
0.0
0.106118985
0.22972403
0.098468326
0.0
0.031144764
0.0
0.042395808
0.01890889
0.20705567
0.22437164
0.10949358
0.1516145
0.048938297
0.056284096
0.14770825
0.17367807
0.0
0.014723262
0.0
0.13928242
0.0
0.0
0.13705628
0.0
0.17998433
0.0
0.0
0.0
0.0
0.18804139
0.20357275
0.0
0.06615975
0.122880496
0.0
0.24657032
0.0
0.0
0.0
0.061190046
0.010447778
0.04868003
0.0
0.043860614
0.17516741
0.0
0.018596975
0.050606005
0.0
0.0
0.0
0.0
0.001262027
0.0
0.28358135
0.017751362
0.0054510655
0.060053855
0.26631632
0.0
0.0954473
0.13594688
0.04949689
0.07863987
0.17197801
0.0
0.0
0.0
0.028221348
0.0
0.20400071
0.06150803
0.32140762
0.16444375
0.0
0.08802825
0.11856207
0.25175095
0.11431032
0.05480239
0.020403469
0.22965114
0.0
0.12415396
0.032184906
0.040205136
0.07744746
0.0
0.12262237
0.13331138
0.0
0.14748567
0.025914498
0.18804084
0.0
0.0
0.0
0.1445989
0.0
0.0
0.0
0.0
0.10541802
0.0
0.0
0.0
0.0
0.22256567
0.014343994
0.15190192
0.0
0.0075656637
0.0
0.0
0.0
0.0
0.0
0.0
0.0645144
0.0005962681
0.0
0.0
0.0
0.0
0.020662943
0.0
0.17780975
0.021977643
0.0
0.0
0.0
0.09472636
0.105372764
0.0
0.07571448
0.0
0.02981386
0.048260346
0.03339997
0.15811281
0.052604347
0.07629196
0.063680656
0.12095596
0.0848793
0.09902113
0.03513106
0.0
0.0
0.07597721
0.0
0.01337951
0.208045
0.0
0.17127122
0.022903845
0.07238078
0.0
0.0
0.17776023
0.0
0.105919115
0.10686557
0.13268352
0.06758969
0.0
0.0
0.15328163
0.0
0.31023386
0.0
0.0
0.0
0.0
0.023850083
0.0
0.118368894
0.0
0.0
0.0
0.0018070396
0.0
0.0
0.0
0.16478457
0.0
0.07550426
0.042047217
0.097472586
0.0
0.04747099
0.0
0.02563634
0.0
0.13792926
0.10182886
0.01974777
0.0
0.05306512
0.11840624
0.10618142
0.25815636
0.0
0.0
0.0
0.0
0.0
0.020572215
0.067903034
0.08365956
0.0
0.033750273
0.16252981
0.022105604
0.26809838
0.0
0.0
0.027221333
0.0
0.09941632
0.0
0.08748314
0.039874326
0.0
0.031427447
0.0
0.0
0.0
0.062308773
0.0
0.0
0.0
0.112917915
0.03659624
0.010946821
0.0
0.0
0.03703775
0.050621107
0.0
0.0
0.07153674
0.0
0.07244416
0.014633974
0.0
0.0
0.1654308
0.098248504
0.057535443
0.008419472
0.0
0.1996707
0.0
0.04593839
0.0
0.27393824
0.026019584
0.0
0.0
0.17132248
0.0
0.0
0.0
0.056078292
0.15691428
0.0
0.0
0.03752945
0.20188531
0.0
0.0637942
0.015753485
0.0
0.25172004
0.0
0.0
0.00875792
0.20321384
0.046094693
0.0
0.116135746
0.0
0.1837797
0.0
0.11600817
0.19825357
0.0
0.0
0.0
0.0
0.0
0.08479812
0.0
0.23090188
0.0
0.15556183
0.0
0.19063218
0.10482402
0.2384041
0.0
0.0
0.0068060523
0.3061827
0.0
0.15477388
0.009559471
0.0
0.0
0.0
0.16640568
0.18170853
0.10682144
0.07388674
0.0
0.00091892947
0.029844284
0.074272305
0.026818808
0.0
0.05563762
0.07455827
0.0
0.0
0.0
0.0113220895
0.0
0.0
0.0
0.043964792
0.0
0.0
0.04928449
0.08840509
0.0053234464
0.0
0.0
0.023917673
0.0
0.107357636
0.050636653
0.0
0.10662548
0.0
0.0
0.041652814
0.006500559
0.0
0.0
0.0
0.042755708
0.014177622
0.0
0.005646657
0.0
0.006985044
0.0
0.0023722919
0.0481051
0.0
0.0
0.073625065
0.0
0.032220963
0.0
0.1632802
0.03453122
0.058825344
0.0
0.0
0.0
0.0
0.0
0.0
0.0
0.0
0.0
0.018175267
0.0
0.0
0.0
0.09657699
0.07739942
0.07199297
0.098844096
0.0
0.0
0.0
0.1237623
0.0
0.25360432
0.0
0.0
0.009757247
0.0
0.23634091
0.0
0.0
0.093660794
0.022249717
0.0
0.07759403
0.0
0.0
0.042150177
0.0
0.0
0.0
0.0
0.0
0.22553219
0.0
0.0
0.08792263
0.14433077
0.13622414
0.16245583
0.010831181
0.14911665
0.0
0.1207671
0.0
0.0
0.17878577
0.066397555
0.13935746
0.0
0.0
0.0
0.1286117
0.0
0.16702852
0.15545213
0.1582478
0.18545653
0.021404047
0.11529584
0.0
0.0
0.0
0.072196275
0.06052714
0.0
0.0
0.020954177
0.0
0.04887192
0.06561197
0.0
0.0
0.15188172
0.0037616836
0.13861163
0.0
0.0
0.0
0.04741565
0.0
0.0
0.013872128
0.34519982
0.09499182
0.12178802
0.023762863
0.0
0.03653618
0.043773867
0.0
0.06629831
