0.0
0.0
0.17566732
0.038454678
0.0
0.025840014
0.06459225
0.0
0.06326038
0.2252008
0.0
0.08014049
0.0
0.42784795
0.0
0.03369297
0.0
0.0
0.0
0.19133674
0.021585338
0.046402715
0.0088266
0.0
0.13249867
0.0
0.0
0.15542799
0.0
0.0
0.0
0.0
0.0018172562
0.038784195
0.22288679
0.048998173
0.084211245
0.15653667
0.1620504
0.0
0.0
0.0
0.0
0.0
0.15472284
0.0
0.0
0.17676246
0.16304839
0.0
0.0
0.03953514
0.0
0.020570334
0.0
0.0
0.0
0.12748453
0.08470424
0.19262104
0.06441828
0.0674662
0.0
0.0
0.04053348
0.093676865
0.0
0.086177394
0.0
0.0
0.09133948
0.0
0.0
0.0
0.0008800775
0.011003446
0.0
0.13831514
0.072325185
0.16846791
0.14626724
0.043326866
0.0
0.0
0.20321915
0.0
0.111990206
0.0
0.06082069
0.10950007
0.16243507
0.0
0.13246489
0.043162134
0.0
0.07843504
0.09575536
0.0
0.22206973
0.102763765
0.13283633
0.092848495
0.0
0.0011198483
0.11344497
0.0
0.08023578
0.0
0.0
0.0
0.22071496
0.0
0.13979661
0.308786
0.0
0.07940368
0.0
0.0
0.0
0.0060106777
0.0
0.0
0.0
0.0037475042
0.0
0.09655903
0.1224885
0.0
0.33314255
0.0
0.10745888
0.23027825
0.10038381
0.0
0.030504026
0.0
0.04235956
0.019156793
0.20737931
0.2233714
0.110204645
0.15169686
0.05002882
0.054572802
0.1494238
0.17450036
0.0
0.014628468
0.0
0.13855416
0.0
0.0
0.13765788
0.0
0.17918737
0.0
0.0
0.0
0.0
0.18510008
0.20417878
0.0
0.06421053
0.12495659
0.0
0.24829996
0.0
0.0
0.0
0.06358024
0.009210076
0.048861355
0.0
0.04452571
0.1736695
0.0
0.017484356
0.04968118
0.0
0.0
0.0
0.0
0.0006668437
0.0
0.28258544
0.018835023
0.00611536
0.060096316
0.26596192
0.0
0.09508997
0.13596119
0.049170323
0.079341814
0.1728645
0.0
0.0
0.0
0.026493695
0.0
0.20329486
0.06136869
0.32111832
0.16292241
0.0
0.08988427
0.119747296
0.25131783
0.11439021
0.055006947
0.019707728
0.22781509
0.0
0.12489475
0.0322346
0.041728824
0.07627225
0.0
0.12514311
0.13264512
0.0
0.14652105
0.026814722
0.18810123
0.0
0.0
0.0
0.14406356
0.0
0.0
0.0
0.0
0.103780515
0.0
0.0
0.0
0.0
0.22397587
0.012444075
0.15046276
0.0
0.005424085
0.0
0.0
0.0
0.0
0.0
0.0
0.06420157
0.0015813634
0.0
0.0
0.0
0.0
0.021177372
0.0
0.17716958
0.022650357
0.0
0.0
0.0
0.092194475
0.10547773
0.0
0.07431383
0.0
0.030003276
0.04932213
0.032572303
0.15851328
0.051852968
0.07688333
0.0637554
0.121158935
0.08446916
0.10125166
0.0361057
0.0
0.0
0.075549245
0.0
0.0134246955
0.21057694
0.0
0.17121896
0.02169372
0.07288688
0.0
0.0
0.17768466
0.0
0.10737946
0.105346054
0.13273947
0.06631834
0.0
0.0
0.15341079
0.0
0.3109165
0.0
0.0
0.0
0.0
0.023039926
0.0
0.1187289
0.0
0.0
0.0
0.0
0.0
0.0
0.0
0.16510928
0.0
0.076083876
0.04104086
0.09717409
0.0
0.047978085
0.0
0.02762702
0.0
0.1386526
0.1022602
0.02079135
0.0
0.056005545
0.117758885
0.10820632
0.25744414
0.0
0.0
0.0
0.0
0.0
0.01910536
0.06606159
0.08296035
0.0
0.034352228
0.16059968
0.023890635
0.26919955
0.0
0.0
0.026390115
0.0
0.10064868
0.0
0.08744028
0.040598933
0.0
0.032920096
0.0
0.0
0.0
0.06305568
0.0
0.0
0.0
0.11315872
0.03662884
0.012925831
0.0
0.0
0.03656862
0.048952058
0.0
0.0
0.072147764
0.0
0.07288634
0.014866425
0.0
0.0
0.16456547
0.09953886
0.05838887
0.0065552164
0.0
0.19873334
0.0
0.046666935
0.0
0.2761006
0.025346966
0.0
0.0
0.1709152
0.0
0.0
0.0
0.056290254
0.15774167
0.0
0.0
0.036663923
0.2026174
0.0
0.06198838
0.015403866
0.0
0.25126758
0.0
0.0
0.007044927
0.20181221
0.047271606
0.0
0.11594795
0.0
0.18198411
0.0
0.118041985
0.1994881
0.0
0.0
0.0
0.0
0.0
0.08249277
0.0
0.23011503
0.0
0.1553989
0.0
0.19178727
0.104014106
0.23819421
0.0
0.0
0.006080796
0.30656138
0.0
0.15442604
0.011116387
0.0
0.0
0.0
0.16710764
0.18191622
0.104109436
0.07333607
0.0
0.0009298315
0.027702255
0.07500146
0.029233487
0.0
0.05563254
0.07357257
0.0
0.0
0.0
0.011153815
0.0
0.0
0.0
0.044250198
0.0
0.0
0.04929834
0.087978974
0.0066651525
0.0
0.0
0.025546914
0.0
0.107078396
0.05165493
0.0
0.105787314
0.0
0.0
0.04212362
0.008125787
0.0
0.0
0.0
0.04161582
0.015098002
0.0
0.0054855496
0.0
0.007170072
0.0
0.0004913206
0.04905464
0.0
0.0
0.074602485
0.0
0.031392507
0.0
0.16441734
0.03245344
0.05889711
0.0
0.0
0.0
0.0
0.0
0.0
0.0
0.0
0.0
0.018716184
0.0
0.0
0.0
0.09537469
0.0756039
0.072081745
0.10042447
0.0
0.0
0.0
0.12248589
0.0
0.25426868
0.0
0.0
0.012435384
0.0
0.23672347
0.0
0.0
0.09326003
0.019719101
0.0
0.07651305
0.0
0.0
0.04226867
0.0
0.0
0.0
0.0
0.0
0.22619464
0.0
0.0
0.08674913
0.14201063
0.13452277
0.16306187
0.010357216
0.15137833
0.0
0.120359205
0.0
0.0
0.17849211
0.06663485
0.14135058
0.0
0.0
0.0
0.12745357
0.0
0.16593114
0.15721546
0.15804389
0.18440795
0.021841077
0.11561351
0.0
0.0
0.0
0.07210137
0.061899647
0.0
0.0
0.021050733
0.0
0.049096603
0.06329524
0.0
0.0
0.15317558
0.0015096487
0.13840435
0.0
0.0
0.0
0.048626114
0.0
0.0
0.015120611
0.34674147
0.09579411
0.12148553
0.021970587
0.0
0.039119415
0.04350383
0.0
0.06598898
