0.0
0.0
0.17241696
0.039444245
0.0
0.025423365
0.06427125
0.0
0.0650001
0.22490759
0.0
0.08210285
0.0
0.42797557
0.0
0.036466714
0.0
0.0
0.0
0.1872233
0.020975709
0.04431919
0.0060157385
0.0
0.13396572
0.0
0.0
0.15300053
0.0
0.0
0.0
0.0
0.00025858358
0.039027043
0.22146623
0.04789552
0.085962445
0.1568298
0.15879478
0.0
0.0
0.0
0.0
0.0
0.15485463
0.0
0.0
0.17856868
0.16282956
0.0
0.0
0.037920766
0.0
0.020432174
0.0
0.0
0.0
0.12583221
0.082617626
0.19352536
0.060836785
0.06577644
0.0
0.0
0.039721727
0.09322427
0.0
0.08722955
0.0
0.0
0.09040578
0.0
0.0
0.0
0.0006323382
0.010590795
0.0
0.13910723
0.072553456
0.16699365
0.14712298
0.042733245
0.0
0.0
0.20123994
0.0
0.11165181
0.0
0.06040184
0.11212067
0.1624745
0.0
0.13436067
0.042098172
0.0
0.082133256
0.09504442
0.0
0.22187154
0.101769954
0.13297747
0.093031265
0.0
0.0005508438
0.11521751
0.0
0.08078562
0.0
0.0
0.0
0.22312556
0.0
0.13666655
0.30949235
0.0
0.07931045
0.0
0.0
0.0
0.005662957
0.0
0.0
0.0
0.0034163073
0.0
0.0947555
0.12235887
0.0
0.33258876
0.0
0.1093871
0.23146327
0.09847744
0.0
0.031019434
0.0
0.04165013
0.017127572
0.20903133
0.2222017
0.11006963
0.15072364
0.049480066
0.05291004
0.15106355
0.17452748
0.0
0.015154177
0.0
0.1393939
0.0
0.0
0.1380074
0.0
0.17847367
0.0
0.0
0.0
0.0
0.18485773
0.20629804
0.0
0.064048514
0.12611802
0.0
0.24777706
0.0
0.0
0.0
0.06426339
0.008680368
0.04650558
0.0
0.045308083
0.17305127
0.0
0.016460557
0.049499534
0.0
0.0
0.0
0.0
0.0
0.0
0.28260854
0.018381614
0.00719375
0.061793793
0.26868767
0.0
0.09607252
0.13701086
0.048368227
0.07928395
0.17184065
0.0
0.0
0.0
0.027217086
0.0
0.20280126
0.059715983
0.32191423
0.16356614
0.0
0.09203191
0.12065609
0.25020447
0.114312634
0.05753735
0.019308709
0.22778766
0.0
0.12518063
0.031845234
0.043213665
0.07764475
0.0
0.12784976
0.13302061
0.0
0.14611122
0.028710412
0.18709572
0.0
0.0
0.0
0.14292686
0.0
0.0
0.0
0.0
0.10311212
0.0
0.0
0.0
0.0
0.22392094
0.012002899
0.14912872
0.0
0.0034694392
0.0
0.0
0.0
0.0
0.0
0.0
0.06296842
0.0033074394
0.0
0.0
0.0
0.0
0.02312891
0.0
0.1779055
0.023064973
0.0
0.0
0.0
0.09126525
0.10536751
0.0
0.0732079
0.0
0.030354178
0.05093342
0.03067195
0.15681797
0.053323336
0.07798283
0.06454489
0.12311111
0.0821715
0.10177103
0.034793735
0.0
0.0
0.07698801
0.0
0.013653305
0.2121013
0.0
0.17087619
0.020474356
0.072574005
0.0
0.0
0.17602074
0.0
0.10956016
0.105080396
0.133596
0.06590119
0.0
0.0
0.15303695
0.0
0.31081522
0.0
0.0
0.0
0.0
0.022840476
0.0
0.117556475
0.0
0.0
0.0
0.0
0.0
0.0
0.0
0.16741014
0.0
0.075455174
0.038422726
0.09726657
0.0
0.048687447
0.0
0.028856853
0.0
0.14067274
0.10150714
0.019738702
0.0
0.05876898
0.117818646
0.10982419
0.25670052
0.0
0.0
0.0
0.0
0.0
0.017815553
0.06454969
0.081349626
0.0
0.036190264
0.15899085
0.025614563
0.26908782
0.0
0.0
0.02530609
0.0
0.10258636
0.0
0.088420466
0.042437512
0.0
0.031996343
0.0
0.0
0.0
0.06432556
0.0
0.0
0.0
0.111527435
0.038874112
0.014529196
0.0
0.0
0.035035726
0.047181886
0.0
0.0
0.07196686
0.0
0.072517455
0.015022252
0.0
0.0
0.1634912
0.101383746
0.05957203
0.0063574268
0.0
0.1976321
0.0
0.049250003
0.0
0.27861267
0.024072874
0.0
0.0
0.17096952
0.0
0.0
0.0
0.055381045
0.15742052
0.0
0.0
0.035692576
0.20218158
0.0
0.06002534
0.015360745
0.0
0.2503615
0.0
0.0
0.0043532858
0.19899642
0.047765844
0.0
0.113923214
0.0
0.1813286
0.0
0.122093774
0.20032188
0.0
0.0
0.0
0.0
0.0
0.08283423
0.0
0.23092699
0.0
0.15713051
0.0
0.19430307
0.10327145
0.23610462
0.0
0.0
0.0045192624
0.3079743
0.0
0.15333202
0.012861842
0.0
0.0009380607
0.0
0.16724645
0.1833772
0.10289837
0.07233663
0.0
0.0
0.026268044
0.07627154
0.029406039
0.0
0.056977704
0.073438205
0.0
0.0
0.0
0.012208605
0.0
0.0
0.0
0.044849947
0.0
0.0
0.048306942
0.0890563
0.006350198
0.0
0.0
0.025799561
0.0
0.108722866
0.05398291
0.0
0.10484789
0.0
0.0
0.04431624
0.0074318442
0.0
0.0
0.0
0.041653823
0.016208805
0.00071677566
0.0061186776
0.0
0.009105486
0.0
3.824802e-05
0.050069906
0.0
0.0
0.07466725
0.0
0.033241153
0.0
0.16570616
0.03373246
0.05801542
0.0
0.0
0.0
0.0
0.0
0.0
0.0
0.0
0.0
0.018676478
0.0
0.0
0.0
0.098306365
0.07330192
0.07220379
0.099390894
0.0
0.0
0.0
0.12474494
0.0
0.2527156
0.0
0.0
0.014618034
0.0
0.2361334
0.0
0.0
0.095259845
0.018235287
0.0
0.07700497
0.0
0.0
0.044110052
0.0
0.0
0.0
0.0
0.0
0.22697842
0.0
0.0
0.08443301
0.14086252
0.1332228
0.16428934
0.011555482
0.15291804
0.0
0.121716015
0.0
0.0
0.17823419
0.06573434
0.14226814
0.0
0.0
0.0
0.12573153
0.0
0.16721037
0.15940836
0.15721713
0.18258762
0.018741198
0.118408315
0.0
0.0
0.0
0.07246103
0.06494869
0.0
0.0
0.019866606
0.0
0.047952462
0.062239762
0.0
0.0
0.15450317
0.00016510487
0.13646948
0.0
0.0
0.0
0.050756555
0.0
0.0
0.012154165
0.3475069
0.097173505
0.121314704
0.020000363
0.0
0.03867452
0.040401276
0.0
0.065406814
