0.0
0.0
0.17110096
0.040125612
0.0
0.025954448
0.06374618
0.0
0.06622764
0.22465481
0.0
0.08390456
0.0
0.4286284
0.0
0.038867928
0.0
0.0
0.0
0.18475164
0.020487301
0.04257539
0.0041666264
0.0
0.1348206
0.0
0.0
0.15154047
0.0
0.0
0.0
0.0
0.0
0.039150916
0.22077046
0.046619203
0.08683543
0.157557
0.15671523
0.0
0.0
0.0
0.0
0.0
0.15513775
0.0
0.0
0.18042395
0.16232927
0.0
0.0
0.036564123
0.0
0.019967414
0.0
0.0
0.0
0.12435337
0.081336856
0.19437931
0.05905297
0.06388466
0.0
0.0
0.03920092
0.09305154
0.0
0.088008516
0.0
0.0
0.08922763
0.0
0.0
0.0
0.00091540813
0.010386962
0.0
0.1394167
0.072665736
0.16584644
0.14812693
0.042300127
0.0
0.0
0.20097554
0.0
0.11060638
0.0
0.06031563
0.113892585
0.16241768
0.0
0.13507737
0.041023523
0.0
0.08415135
0.09416419
0.0
0.22153986
0.10123904
0.13332197
0.093707696
0.0
2.5277957e-05
0.11629992
0.0
0.08142512
0.0
0.0
0.0
0.22491078
0.0
0.13441548
0.3095393
0.0
0.07898635
0.0
0.0
0.0
0.0061575957
0.0
0.0
0.0
0.0030494137
0.0
0.09334691
0.12247733
0.0
0.33212912
0.0
0.110577315
0.23204331
0.09654458
0.0
0.031573102
0.0
0.040908962
0.015357673
0.20981206
0.22171253
0.11005052
0.15010795
0.048724804
0.052538507
0.15180027
0.17398688
0.0
0.015203974
0.0
0.13998018
0.0
0.0
0.13799885
0.0
0.17808172
0.0
0.0
0.0
0.0
0.18586242
0.20725085
0.0
0.06451778
0.12649877
0.0
0.24670047
0.0
0.0
0.0
0.06403674
0.008332016
0.045286156
0.0
0.045786824
0.17315106
0.0
0.01623742
0.04969845
0.0
0.0
0.0
0.0
0.0
0.0
0.28344777
0.01770916
0.007980799
0.06316477
0.27079663
0.0
0.096850194
0.13768184
0.04754121
0.07900777
0.17096929
0.0
0.0
0.0
0.028117359
0.0
0.20264886
0.058667526
0.32223865
0.16432709
0.0
0.09301064
0.12095143
0.24954121
0.11445448
0.059222106
0.019136328
0.22843592
0.0
0.12503818
0.031603828
0.04401426
0.07910084
0.0
0.12906718
0.1335612
0.0
0.1461026
0.02976013
0.18602842
0.0
0.0
0.0
0.1423278
0.0
0.0
0.0
0.0
0.10302932
0.0
0.0
0.0
0.0
0.2236689
0.012217248
0.14895049
0.0
0.0027565071
0.0
0.0
0.0
0.0
0.0
0.0
0.06225169
0.0042887367
0.0
0.0
0.0
0.0
0.023872329
0.0
0.17849816
0.023559537
0.0
0.0
0.0
0.09104785
0.105274156
0.0
0.07306837
0.0
0.030251432
0.051676307
0.029856654
0.15549654
0.054373786
0.07852364
0.06496683
0.124396294
0.080918394
0.10126786
0.034207556
0.0
0.0
0.07852272
0.0
0.013355271
0.21235532
0.0
0.17117013
0.019560084
0.07227382
0.0
0.0
0.1749009
0.0
0.1107509
0.10553353
0.13395798
0.06582676
0.0
0.0
0.15294364
0.0
0.31054464
0.0
0.0
0.0
0.0
0.023109335
0.0
0.1166726
0.0
0.0
0.0
0.0
0.0
0.0
0.0
0.16919933
0.0
0.07472369
0.03682764
0.09729672
0.0
0.049098667
0.0
0.029281871
0.0
0.14160857
0.1003633
0.018567288
0.0
0.059891555
0.11776996
0.1100681
0.25658208
0.0
0.0
0.0
0.0
0.0
0.017340798
0.06428404
0.080184445
0.0
0.03760075
0.15841503
0.026430525
0.2687767
0.0
0.0
0.02465996
0.0
0.10357565
0.0
0.08926502
0.043385267
0.0
0.030892542
0.0
0.0
0.0
0.06530909
0.0
0.0
0.0
0.10989266
0.040524106
0.015004428
0.0
0.0
0.03402434
0.04660431
0.0
0.0
0.07155604
0.0
0.072049044
0.014811627
0.0
0.0
0.16254872
0.10235168
0.060066093
0.006642539
0.0
0.19714803
0.0
0.050662167
0.0
0.2800459
0.023158874
0.0
0.0
0.17110664
0.0
0.0
0.0
0.05446735
0.15719816
0.0
0.0
0.035142835
0.20156792
0.0
0.059304398
0.0155115165
0.0
0.24986681
0.0
0.0
0.0031127585
0.19722258
0.047579166
0.0
0.11241816
0.0
0.18135974
0.0
0.12419183
0.20052007
0.0
0.0
0.0
0.0
0.0
0.083957545
0.0
0.23186342
0.0
0.15891686
0.0
0.19578862
0.102854274
0.23477913
0.0
0.0
0.003997678
0.3087372
0.0
0.15265608
0.013326289
0.0
0.0013414798
0.0
0.16714115
0.18431851
0.10293875
0.07161473
0.0
0.0
0.02557325
0.07703069
0.028782148
0.0
0.05796556
0.07389836
0.0
0.0
0.0
0.013016739
0.0
0.0
0.0
0.045173742
0.0
0.0
0.047791798
0.09019132
0.0059617506
0.0
0.0
0.025307331
0.0
0.11021207
0.05557904
0.0
0.104723394
0.0
0.0
0.045318592
0.006609615
0.0
0.0
0.0
0.04183992
0.016799184
0.0018590055
0.006734522
0.0
0.0106287105
0.0
0.00043164892
0.05036779
0.0
0.0
0.07440425
0.0
0.034796573
0.0
0.16588831
0.035409223
0.057312522
0.0
0.0
0.0
0.0
0.0
0.0
0.0
0.0
0.0
0.018741349
0.0
0.0
0.0
0.100667804
0.072590396
0.07237662
0.09791961
0.0
0.0
0.0
0.12663083
0.0
0.25133425
0.0
0.0
0.015283497
0.0
0.23549664
0.0
0.0
0.09698895
0.017591039
0.0
0.07783963
0.0
0.0
0.045804255
0.0
0.0
0.0
0.0
0.0
0.22704646
0.0
0.0
0.08282092
0.1405083
0.13293996
0.16499752
0.012611067
0.15297444
0.0
0.12282481
0.0
0.0
0.17824994
0.064967126
0.1418944
0.0
0.0
0.0
0.12500587
0.0
0.16825932
0.16050078
0.15678374
0.18167716
0.016546344
0.1200585
0.0
0.0
0.0
0.07287384
0.06663299
0.0
0.0
0.018666936
0.0
0.047323372
0.06208862
0.0
0.0
0.1550837
2.055429e-05
0.13521434
0.0
0.0
0.0
0.052311286
0.0
0.0
0.009677198
0.3475695
0.09774105
0.12104202
0.018785905
0.0
0.037287362
0.03832034
0.0
0.06532652
