0.0
0.0
0.16907325
0.040727064
0.0
0.02489376
0.0638133
0.0
0.066914044
0.2247093
0.0
0.084099114
0.0
0.42848572
0.0
0.039225183
0.0
0.0
0.0
0.18342108
0.020123027
0.04199478
0.0034710243
0.0
0.13562831
0.0
0.0
0.15076545
0.0
0.0
0.0
0.0
0.0
0.03908339
0.22021474
0.046543404
0.087957375
0.15712684
0.15536626
0.0
0.0
0.0
0.0
0.0
0.15508208
0.0
0.0
0.18075807
0.16215922
0.0
0.0
0.036118995
0.0
0.020042667
0.0
0.0
0.0
0.12411298
0.08057563
0.19465615
0.057365805
0.06405656
0.0
0.0
0.039140973
0.09282798
0.0
0.08836784
0.0
0.0
0.089195095
0.0
0.0
0.0
0.0005639009
0.01025252
0.0
0.13963877
0.07288864
0.16540635
0.14837706
0.04221696
0.0
0.0
0.199203
0.0
0.111310065
0.0
0.06000921
0.11531598
0.16256073
0.0
0.13605441
0.04116926
0.0
0.08579527
0.09423873
0.0
0.22141445
0.10084749
0.1331633
0.09354468
0.0
3.504008e-05
0.11693959
0.0
0.08138609
0.0
0.0
0.0
0.2258828
0.0
0.13338374
0.31021962
0.0
0.07945338
0.0
0.0
0.0
0.0054017827
0.0
0.0
0.0
0.0028484594
0.0
0.09267731
0.122531936
0.0
0.33180252
0.0
0.111041255
0.23244916
0.0965333
0.0
0.031855717
0.0
0.04114623
0.014589497
0.2105567
0.22136453
0.10984269
0.1499402
0.049026623
0.05159555
0.15288728
0.17412128
0.0
0.015344229
0.0
0.13983946
0.0
0.0
0.13828833
0.0
0.17747623
0.0
0.0
0.0
0.0
0.18500435
0.20810664
0.0
0.064427026
0.1275601
0.0
0.24694976
0.0
0.0
0.0
0.06459277
0.00784415
0.044834193
0.0
0.046213947
0.17228761
0.0
0.015620253
0.04935397
0.0
0.0
0.0
0.0
0.0
0.0
0.28302568
0.017627798
0.008536525
0.063788794
0.27109253
0.0
0.096801095
0.13822417
0.047147192
0.07954635
0.17095248
0.0
0.0
0.0
0.027720548
0.0
0.20231672
0.05814899
0.32279027
0.16419418
0.0
0.09389044
0.12146114
0.24917272
0.114489116
0.059777632
0.018811926
0.22801429
0.0
0.12535349
0.03149905
0.04490492
0.079297766
0.0
0.13059938
0.13346207
0.0
0.1456641
0.030314857
0.18590982
0.0
0.0
0.0
0.14168017
0.0
0.0
0.0
0.0
0.10253138
0.0
0.0
0.0
0.0
0.22408555
0.011624279
0.14801672
0.0
0.002039316
0.0
0.0
0.0
0.0
0.0
0.0
0.06184252
0.005335564
0.0
0.0
0.0
0.0
0.024771111
0.0
0.17855646
0.024009923
0.0
0.0
0.0
0.09032791
0.10514573
0.0
0.07221718
0.0
0.030490924
0.05244825
0.028834624
0.15508929
0.054890327
0.078871965
0.06498463
0.1247567
0.08009882
0.10210556
0.03398317
0.0
0.0
0.07867816
0.0
0.013459809
0.2136188
0.0
0.17112996
0.01913453
0.07241427
0.0
0.0
0.17439541
0.0
0.11180741
0.104843676
0.13429819
0.0654392
0.0
0.0
0.15283427
0.0
0.31039914
0.0
0.0
0.0
0.0
0.02277803
0.0
0.115981124
0.0
0.0
0.0
0.0
0.0
0.0
0.0
0.16961698
0.0
0.07478993
0.035845995
0.0974642
0.0
0.049628638
0.0
0.030233063
0.0
0.14268878
0.10020266
0.018589346
0.0
0.061414238
0.117565215
0.1109618
0.25627297
0.0
0.0
0.0
0.0
0.0
0.016520653
0.063670956
0.08012298
0.0
0.038247243
0.15791339
0.026823476
0.2687888
0.0
0.0
0.024311073
0.0
0.10426439
0.0
0.08993468
0.04412489
0.0
0.031037746
0.0
0.0
0.0
0.06613869
0.0
0.0
0.0
0.10962939
0.040857717
0.015698472
0.0
0.0
0.033777088
0.045806
0.0
0.0
0.07161549
0.0
0.07219191
0.015172614
0.0
0.0
0.16244966
0.10336211
0.06043627
0.0060582347
0.0
0.19687665
0.0
0.051865842
0.0
0.28115693
0.023118649
0.0
0.0
0.17129838
0.0
0.0
0.0
0.054255825
0.15675996
0.0
0.0
0.03448639
0.20152637
0.0
0.058520824
0.015624878
0.0
0.24962518
0.0
0.0
0.0018559089
0.19638349
0.048248947
0.0
0.11166558
0.0
0.18093991
0.0
0.12585153
0.20120397
0.0
0.0
0.0
0.0
0.0
0.083974734
0.0
0.2318619
0.0
0.15903202
0.0
0.19677319
0.102406085
0.23411454
0.0
0.0
0.0033018887
0.3094618
0.0
0.15228255
0.014175478
0.0
0.0021860478
0.0
0.16734992
0.18448077
0.1017981
0.07088309
0.0
0.0
0.024725113
0.077455916
0.029099412
0.0
0.058329042
0.07354587
0.0
0.0
0.0
0.01317456
0.0
0.0
0.0
0.045097202
0.0
0.0
0.047252353
0.09056823
0.0058861487
0.0
0.0
0.025688069
0.0
0.110647954
0.056433342
0.0
0.10424669
0.0
0.0
0.04631607
0.0067831213
0.0
0.0
0.0
0.04160004
0.017412908
0.002810806
0.0066377893
0.0
0.011535765
0.0
0.0
0.0508972
0.0
0.0
0.07465392
0.0
0.034782108
0.0
0.16695178
0.035370402
0.056935005
0.0
0.0
0.0
0.0
0.0
0.0
0.0
0.0
0.0
0.018825028
0.0
0.0
0.0
0.10114276
0.07160724
0.07212553
0.0978761
0.0
0.0
0.0
0.12692294
0.0
0.2511119
0.0
0.0
0.016735168
0.0
0.23547783
0.0
0.0
0.097543515
0.016456194
0.0
0.077334516
0.0
0.0
0.046173
0.0
0.0
0.0
0.0
0.0
0.22760679
0.0
0.0
0.08240939
0.13981198
0.13211505
0.1653257
0.013185302
0.15416838
0.0
0.12268614
0.0
0.0
0.17779794
0.06498446
0.14287159
0.0
0.0
0.0
0.1242161
0.0
0.16873072
0.1616519
0.15654658
0.18081582
0.015480492
0.120706156
0.0
0.0
0.0
0.07288582
0.068074524
0.0
0.0
0.018302845
0.0
0.046786074
0.061214037
0.0
0.0
0.15577854
0.0
0.13455945
0.0
0.0
0.0
0.053020734
0.0
0.0
0.009093072
0.34885022
0.0982557
0.12085183
0.01789876
0.0
0.0379216
0.03752766
0.0
0.06474544
