0.605005
2.7432525
2.9378846
0.6178487
0.5662398
0.74225813
3.1580226
0.2634512
0.91800076
3.1998265
0.0
1.618438
0.48685935
3.177633
1.1223427
3.0119166
2.7747474
1.2577018
10.383872
2.865612
3.1026566
0.78961456
0.64908457
0.0
3.2241015
1.2832907
0.0
2.8111637
1.5892452
0.0
0.5733299
0.35474497
2.7292192
3.0281434
2.886327
1.478575
2.6327856
2.0956442
2.9077692
0.861386
2.742521
10.03746
0.55823475
0.27908272
2.9616756
1.9478756
1.0075874
2.9848332
2.9663947
1.2603314
1.3110892
0.0
1.221615
2.9579139
2.4611242
1.3740786
0.75306207
3.1800113
2.4700627
1.5976392
3.0028055
3.01172
0.7425084
1.3461311
1.1750674
1.9857157
0.0
2.8932192
1.1660641
0.5402836
2.8735602
0.694425
0.0
0.0
0.2555266
0.896752
0.9055463
1.6943133
2.9073963
3.044122
3.0020761
0.8189372
10.3831005
4.260542
1.0155033
1.2714165
3.1171782
1.2535118
3.0108073
3.0129623
3.2125335
1.0505273
3.2077284
1.3583772
0.51619303
2.730381
2.8477342
2.6918826
1.8222708
2.4697082
2.6523635
2.9860344
0.91456425
0.47258165
2.8242557
1.4092813
2.847327
0.46891722
0.0
0.63279694
1.9954771
1.1506432
3.0463696
3.2255578
1.0298235
3.049689
1.2887851
0.48807293
1.0233585
2.555291
0.45691162
0.9048515
0.0
2.6963542
0.0
3.2034626
1.7187322
0.9941867
3.179345
1.3990256
2.8582897
3.166473
2.81422
0.0
0.70352393
1.3233469
2.6030767
2.6503017
2.542728
2.9476078
1.207556
3.054363
2.912492
1.2681644
3.0262523
2.7593029
0.14964645
2.4630358
1.995914
2.1277187
2.660794
0.8263433
3.0516555
2.0149019
3.056707
0.0
0.43200332
1.4807986
0.89156854
3.0635424
3.1751037
1.3048712
0.5650163
0.9690111
0.4848216
2.9885957
0.8004888
0.48417237
0.7028277
2.7395368
2.9424117
0.8097708
0.83003336
1.0539798
1.1856419
0.0
0.40772682
2.8208697
2.4723687
0.8267914
0.60361516
0.40228721
2.7113016
0.39437607
2.9236119
2.5119498
0.91245985
1.6377478
3.1718388
0.69122714
3.0242357
1.6077975
0.68973273
2.7795405
2.89237
0.51839435
0.77046734
0.0
1.6710808
0.9016932
2.862278
0.87949544
2.2431438
2.997661
0.71305794
2.7826817
1.8826636
3.2642312
2.9527855
2.7795348
2.8642313
2.7621343
0.3281709
2.817775
2.790165
0.87451726
2.513068
0.24249679
2.3448393
2.986483
0.89359874
0.94026667
1.5403982
2.8834043
0.056886587
1.1974468
0.24757536
1.246968
0.75401
0.0
0.49658433
1.0130984
3.4666612
1.1386626
1.1051109
0.8708735
0.0
2.740271
1.4828256
2.9698603
0.0
0.91617936
0.0
2.698666
0.6785502
0.80862856
0.0
2.9793518
2.6829758
1.8035927
0.0
2.7605462
0.63786614
0.6484846
0.7006115
0.6902706
2.9709797
0.46377525
0.8878756
0.6953668
1.6302975
0.6902574
0.90450066
1.1448414
2.9462564
0.0
2.8722703
0.5725068
1.3173498
2.1568286
2.64597
3.0303657
1.8885716
3.054643
3.006449
0.7784582
1.4212089
1.1025728
0.2728361
2.0192964
0.53223366
2.8800707
3.142192
0.48421955
3.0909514
0.9622671
1.1236336
0.5060822
0.4656876
3.1299295
1.3515326
2.7997735
2.8258746
3.1694925
0.86313504
0.95511526
0.8096226
2.3321543
2.3856833
2.946328
0.0
0.8653675
0.0
0.96061134
1.893923
0.68995297
1.0824406
0.5236273
0.0
0.79661596
2.80377
2.8884978
1.0970625
0.5378657
3.1824458
1.0551596
3.071074
2.6891508
2.1877394
0.83030444
2.8360353
0.68492216
0.762933
0.0
2.9384966
2.8431134
2.8271067
0.8161063
2.8302703
3.1216276
2.7625544
2.4311273
0.41429526
0.0
0.0
0.39229253
0.38846558
1.2610215
0.7381615
2.98251
1.1643112
2.493025
2.7144644
2.4095821
3.012796
2.6307745
2.742034
2.4780548
0.0
2.1963394
0.51096916
2.8502629
1.7139757
0.0
2.6187954
0.7532372
0.0
0.623251
0.7921365
0.8210563
0.51076984
3.0742807
2.740429
0.4795909
2.998172
0.9368163
0.48728305
1.391559
1.0207516
0.80543333
0.52087
1.1330203
0.49467945
1.6354336
1.0678355
3.4198024
0.86480516
1.8815451
1.0439909
2.7148526
2.08034
0.0
2.9001675
0.0
2.0117278
0.6096836
2.9448848
0.53143895
0.64936435
0.232188
2.475547
0.76655346
3.075213
0.0
1.2284209
1.524923
1.3634007
5.379715
2.6890185
3.351464
0.52130747
2.6752105
1.0807332
0.0
2.6122704
0.70327926
0.8488253
2.9098625
1.7567397
0.66087765
3.067053
1.423034
0.0
2.869732
0.3072215
2.7505138
3.0036945
0.7436505
0.50827026
0.0
1.8923758
0.0
2.1561518
1.5679215
3.1561835
0.48499042
2.9733665
0.90373075
2.8628788
2.8848572
3.1087658
0.7771541
2.768675
2.9668572
2.846764
1.0131824
1.8109856
3.109802
0.776377
0.0
0.6421743
3.0181205
0.77237517
2.079827
1.6330855
2.2134275
2.2302277
0.73626256
1.099875
2.599493
0.7446128
0.8853559
2.8584015
0.44418418
0.30287218
1.1995939
0.09778282
0.83867985
3.8944473
0.5839581
1.3758739
0.6733336
1.3705451
2.6473901
3.0572743
2.7679238
0.0
2.4268382
2.7275214
0.62601
2.7792273
2.801929
0.9205245
2.9101224
0.0
0.0
2.971214
1.0345399
0.0
0.62129635
1.0369917
2.8508189
1.0149016
2.5774736
1.0621413
1.1009235
2.9303865
0.701972
2.3683796
2.1558144
0.9781268
2.7178528
2.8484728
0.0
2.7622607
0.0
2.9355724
1.5250102
2.5560832
0.0
1.372334
0.0
0.44400346
0.7675187
3.5583375
0.0
0.0
1.1986635
2.6124213
0.595254
0.7312359
1.3875732
1.0844264
0.87169296
2.7115428
2.885379
2.5541477
2.805497
0.8416965
2.084867
0.56326634
1.8072559
0.9029717
2.72951
0.86347216
0.35743228
3.104705
0.9378668
0.50929433
3.0191553
2.5460298
1.3098128
1.7706617
1.0871968
0.77388704
2.5557823
0.6514103
0.7652363
0.47727194
0.78737324
0.97404796
2.6797621
0.61783093
1.1143925
1.2887356
0.92850393
1.8795204
2.9673476
2.9562597
2.829501
1.0163016
2.8204355
3.4766548
0.5858294
3.2226822
1.8403724
2.8162374
0.7430257
4.72438
0.3562483
1.1692449
0.19414146
1.3929713
1.882848
1.814893
2.9943283
2.464258
3.079796
0.63627493
0.35814464
1.919306
2.8073573
0.61110955
0.77804464
1.5865726
0.5784828
0.63954395
2.5693667
2.2955015
1.0212407
2.7142084
3.1730156
2.755775
2.7350647
0.6516562
0.7427861
1.0774816
1.0132753
1.211772
2.7602944
1.1106267
2.9825737
2.9764042
2.786032
2.8960662
0.0
2.9637363
0.934737
2.9343562
2.7449634
