0.0
0.0
0.17002103
0.041591886
0.0
0.026865004
0.063179724
0.0
0.06750035
0.2242
0.0
0.08543048
0.0
0.43043056
0.0
0.039960444
0.0
0.0
0.0
0.18306178
0.019911882
0.03979387
0.00226072
0.0
0.13593885
0.0
0.0
0.1507036
0.0
0.0
0.0
0.0
0.0
0.039371345
0.21988292
0.04487241
0.08797462
0.15805757
0.15516105
0.0
0.0
0.0
0.0
0.0
0.15577555
0.0
0.0
0.18345004
0.16198106
0.0
0.0
0.03529027
0.0
0.018568294
0.0
0.0
0.0
0.12290903
0.07963488
0.19560082
0.05839288
0.061374426
0.0
0.0
0.038860105
0.092851505
0.0
0.088729955
0.0
0.0
0.08750928
0.0
0.0
0.0
0.0017026793
0.0105235055
0.0
0.13965954
0.072404556
0.16558145
0.14904907
0.04185247
0.0
0.0
0.20083217
0.0
0.1090482
0.0
0.060805228
0.115898125
0.1627756
0.0
0.13419533
0.03992746
0.0
0.08594931
0.09404357
0.0
0.2207625
0.10132205
0.13295683
0.09397631
0.0
0.0005034823
0.11799777
0.0
0.08239438
0.0
0.0
0.0
0.22657932
0.0
0.1323892
0.3099405
0.0
0.07875363
0.0
0.0
0.0
0.00672468
0.0
0.0
0.0
0.0017140079
0.0
0.09120187
0.12294953
0.0
0.33075088
0.0
0.109905995
0.23271684
0.094383
0.0
0.033052817
0.0
0.040612
0.013221921
0.2113364
0.2219282
0.1093003
0.14985563
0.04885705
0.05216189
0.15180026
0.17308052
0.0
0.015324491
0.0
0.14026195
0.0
0.0
0.13819456
0.0
0.17743021
0.0
0.0
0.0
0.0
0.18753283
0.20798029
0.0
0.06659755
0.12657398
0.0
0.24515668
0.0
0.0
0.0
0.06261014
0.00857952
0.04391678
0.0
0.045929585
0.17316851
0.0
0.015786506
0.04967249
0.0
0.0
0.0
0.0
0.0
0.0
0.28416777
0.016533673
0.008856454
0.064964995
0.27243847
0.0
0.097040065
0.13845213
0.046605077
0.07933733
0.17008437
0.0
0.0
0.0
0.029115118
0.0
0.2024216
0.0578506
0.32362083
0.16529089
0.0
0.09323987
0.12108339
0.24936071
0.11443595
0.060130794
0.018724285
0.2292035
0.0
0.12442459
0.03148121
0.044922374
0.08112437
0.0
0.12970686
0.13386333
0.0
0.14619923
0.030669283
0.18534674
0.0
0.0
0.0
0.14111274
0.0
0.0
0.0
0.0
0.103304446
0.0
0.0
0.0
0.0
0.22299857
0.012873581
0.14847748
0.0
0.0032101916
0.0
0.0
0.0
0.0
0.0
0.0
0.061929416
0.005433472
0.0
0.0
0.0
0.0
0.025219334
0.0
0.17922539
0.023966651
0.0
0.0
0.0
0.09176013
0.10493012
0.0
0.07260084
0.0
0.030322446
0.051903937
0.029162537
0.15445712
0.05561565
0.0786253
0.06493102
0.12554274
0.07964772
0.10044757
0.032913446
0.0
0.0
0.079582214
0.0
0.013252698
0.21276593
0.0
0.17136076
0.019950667
0.07244203
0.0
0.0
0.1738307
0.0
0.111471005
0.10571309
0.13469741
0.06623598
0.0
0.0
0.15276752
0.0
0.30972984
0.0
0.0
0.0
0.0
0.023221035
0.0
0.114975415
0.0
0.0
0.0
0.0
0.0
0.0
0.0
0.169694
0.0
0.073772974
0.03575185
0.09822354
0.0
0.049858026
0.0
0.029524883
0.0
0.14319244
0.09971179
0.017568517
0.0
0.06029861
0.117947385
0.110216275
0.25681618
0.0
0.0
0.0
0.0
0.0
0.017263494
0.065007925
0.08017557
0.0
0.03860096
0.15913409
0.0258847
0.26766932
0.0
0.0
0.025036689
0.0
0.10403781
0.0
0.090709314
0.043962598
0.0
0.029658023
0.0
0.0
0.0
0.06637636
0.0
0.0
0.0
0.108257815
0.041585818
0.0145910485
0.0
0.0
0.0333945
0.046559766
0.0
0.0
0.07111386
0.0
0.0718093
0.015274445
0.0
0.0
0.16270137
0.10326457
0.0596935
0.007362744
0.0
0.19726725
0.0
0.052500956
0.0
0.28092346
0.023507971
0.0
0.0
0.17167352
0.0
0.0
0.0
0.05425982
0.15598989
0.0
0.0
0.034149617
0.20083615
0.0
0.059789553
0.016776022
0.0
0.24975222
0.0
0.0
0.002261539
0.19648243
0.048123244
0.0
0.11090739
0.0
0.18228367
0.0
0.12558249
0.20012392
0.0
0.0
0.0
0.0
0.0
0.08599523
0.0
0.23254284
0.0
0.15993427
0.0
0.19760814
0.10242337
0.23384774
0.0
0.0
0.0034049843
0.30995867
0.0
0.15271507
0.014116185
0.0
0.0014591496
0.0
0.16705325
0.18476114
0.10354006
0.07086193
0.0
0.0
0.026058234
0.07729725
0.026684396
0.0
0.058853555
0.07470016
0.0
0.0
0.0
0.013614072
0.0
0.0
0.0
0.045055233
0.0
0.0
0.04671169
0.09114222
0.0047290046
0.0
0.0
0.024455035
0.0
0.11185728
0.05602911
0.0
0.10458976
0.0
0.0
0.0468909
0.0054152803
0.0
0.0
0.0
0.04216153
0.017586187
0.0020653196
0.0068251174
0.0
0.012387669
0.0
0.0014214525
0.05089887
0.0
0.0
0.07374954
0.0
0.036011297
0.0
0.16729033
0.037594937
0.056270733
0.0
0.0
0.0
0.0
0.0
0.0
0.0
0.0
0.0
0.01853488
0.0
0.0
0.0
0.103685625
0.07243385
0.07174675
0.09628757
0.0
0.0
0.0
0.1286828
0.0
0.2503522
0.0
0.0
0.01586894
0.0
0.23463188
0.0
0.0
0.09901358
0.017886868
0.0
0.07807397
0.0
0.0
0.04689174
0.0
0.0
0.0
0.0
0.0
0.2273363
0.0
0.0
0.0827987
0.14135194
0.13354751
0.1653397
0.014425838
0.15289363
0.0
0.123264916
0.0
0.0
0.17789139
0.06419117
0.14185306
0.0
0.0
0.0
0.12401002
0.0
0.17035583
0.1616909
0.15636668
0.18119621
0.013576252
0.12129274
0.0
0.0
0.0
0.07317862
0.068358734
0.0
0.0
0.017717268
0.0
0.045738313
0.0623621
0.0
0.0
0.15573384
0.0
0.13372096
0.0
0.0
0.0
0.053215146
0.0
0.0
0.0071123666
0.3485322
0.09805876
0.12115012
0.018391196
0.0
0.03587172
0.03666824
0.0
0.06490892
