0.0
0.0
0.16643268
0.04224287
0.0
0.024655992
0.06339751
0.0
0.06854741
0.22455034
0.0
0.08552899
0.0
0.4295876
0.0
0.040793214
0.0
0.0
0.0
0.18074934
0.019314433
0.03971625
0.0013061501
0.0
0.13737653
0.0
0.0
0.14929247
0.0
0.0
0.0
0.0
0.0
0.039310664
0.21927884
0.0451292
0.08991706
0.15732633
0.15282518
0.0
0.0
0.0
0.0
0.0
0.15539902
0.0
0.0
0.18317997
0.16161908
0.0
0.0
0.034771714
0.0
0.01905876
0.0
0.0
0.0
0.12261782
0.07868656
0.19564381
0.054921117
0.06235381
0.0
0.0
0.038629062
0.09234324
0.0
0.089348905
0.0
0.0
0.08792221
0.0
0.0
0.0
0.0007588044
0.01016563
0.0
0.14010024
0.072927065
0.16464369
0.14946531
0.041627225
0.0
0.0
0.19746849
0.0
0.11102987
0.0
0.059973504
0.11808905
0.16296944
0.0
0.13660994
0.040290467
0.00051344745
0.0886368
0.09413217
0.0
0.22092703
0.100495905
0.13280293
0.09371902
0.0
0.00013778545
0.118726835
0.0
0.082057595
0.0
0.0
0.0
0.22814256
0.0
0.13085698
0.31116477
0.0
0.07963237
0.0
0.0
0.0
0.005160013
0.0
0.0
0.0
0.0016555749
0.0
0.090619326
0.12276523
0.0
0.33077392
0.0
0.11136722
0.23327728
0.094919674
0.0
0.03287774
0.0
0.040833212
0.012310343
0.21228753
0.2211376
0.10943878
0.14945781
0.04917278
0.05043602
0.15416674
0.17354186
0.0
0.01546389
0.0
0.1400617
0.0
0.0
0.1387015
0.0
0.17654909
0.0
0.0
0.0
0.0
0.18567835
0.20939039
0.0
0.06550408
0.12871324
0.0
0.24603686
0.0
0.0
0.0
0.06428815
0.0073216963
0.04343763
0.0
0.046819936
0.1716667
0.0
0.014637522
0.04899166
0.0
0.0
0.0
0.0
0.0
0.0
0.28343785
0.016706267
0.009806274
0.06559592
0.27289033
0.0
0.09707776
0.13919029
0.045802504
0.08005467
0.1703662
0.0
0.0
0.0
0.027999999
0.0
0.2018136
0.057142787
0.32411203
0.16471094
0.0
0.094955094
0.12198877
0.24858963
0.11458423
0.06125298
0.01825425
0.22807716
0.0
0.12532079
0.03135861
0.046389602
0.08104609
0.0
0.13272184
0.13390142
0.0
0.14513634
0.031573303
0.18489282
0.0
0.0
0.0
0.14032927
0.0
0.0
0.0
0.0
0.10244076
0.0
0.0
0.0
0.0
0.22429891
0.01157491
0.14698502
0.0
0.0014441255
0.0
0.0
0.0
0.0
0.0
0.0
0.06096828
0.007149212
0.0
0.0
0.0
0.0
0.026399473
0.0
0.17917147
0.025064254
0.0
0.0
0.0
0.08992309
0.10482459
0.0
0.07104774
0.0
0.03085898
0.05349637
0.027440656
0.15385358
0.056218706
0.079417676
0.06491857
0.12611845
0.07835986
0.102320336
0.03303437
0.0
0.0
0.0800791
0.0
0.0134059815
0.21490009
0.0
0.17153436
0.018877467
0.07254765
0.0
0.0
0.1730306
0.0
0.1134102
0.10442364
0.13512015
0.06546727
0.0
0.0
0.15261202
0.0
0.30981803
0.0
0.0
0.0
0.0
0.022434974
0.0
0.11412252
0.0
0.0
0.0
0.0
0.0
0.0
0.0
0.17083979
0.0
0.0742174
0.034076564
0.098085485
0.0
0.05059908
0.0
0.031407073
0.0
0.14490037
0.09937083
0.017627118
0.0
0.063202746
0.1173838
0.11165356
0.25612742
0.0
0.0
0.0
0.0
0.0
0.015518832
0.063658684
0.07964187
0.0
0.039924357
0.15786305
0.027060483
0.26807445
0.0
0.0
0.024032578
0.0
0.10533426
0.0
0.09175098
0.045306507
0.0
0.030288521
0.0
0.0
0.0
0.0677173
0.0
0.0
0.0
0.10792603
0.04234468
0.016228616
0.0
0.0
0.03284091
0.044976376
0.0
0.0
0.07128829
0.0
0.07217905
0.015530845
0.0
0.0
0.16220598
0.10497776
0.060514525
0.006060318
0.0
0.19653429
0.0
0.054450385
0.0
0.28302416
0.022880968
0.0
0.0
0.17181489
0.0
0.0
0.0
0.053712048
0.15580699
0.0
0.0
0.033131886
0.20095256
0.0
0.057982482
0.016555961
0.0
0.2493974
0.0
0.0
7.887557e-05
0.19489647
0.04917662
0.0
0.10969544
0.0
0.18114738
0.0
0.12862138
0.20167446
0.0
0.0
0.0
0.0
0.0
0.085464865
0.0
0.23243164
0.0
0.1604403
0.0
0.19904414
0.10183842
0.23264618
0.0
0.0
0.00232705
0.31103852
0.0
0.15186198
0.01553048
0.0
0.0029181084
0.0
0.16756473
0.18500264
0.10101191
0.06959004
0.0
0.0
0.023887876
0.078284726
0.028174555
0.0
0.059385963
0.073881805
0.0
0.0
0.0
0.013771348
0.0
0.0
0.0
0.045081526
0.0
0.0
0.04615862
0.09167914
0.005175516
0.0
0.0
0.025389843
0.0
0.11232135
0.05787822
0.0
0.10386926
0.0
0.0
0.04826481
0.0059855822
0.0
0.0
0.0
0.04150115
0.018629964
0.00396787
0.006762225
0.0
0.013719777
0.0
0.00021118252
0.051516175
0.0
0.0
0.07463794
0.0
0.03568439
0.0
0.16856259
0.03716746
0.055668514
0.0
0.0
0.0
0.0
0.0
0.0
0.0
0.0
0.0
0.01886237
0.0
0.0
0.0
0.10377011
0.070444815
0.0717385
0.096616164
0.0
0.0
0.0
0.12874728
0.0
0.24987201
0.0
0.0
0.01853124
0.0
0.23484649
0.0
0.0
0.09970829
0.015241229
0.0
0.07730368
0.0
0.0
0.04769732
0.0
0.0
0.0
0.0
0.0
0.22819637
0.0
0.0
0.081591845
0.13953584
0.13175197
0.16612725
0.015064172
0.15499522
0.0
0.12306631
0.0
0.0
0.1772092
0.064408466
0.14362037
0.0
0.0
0.0
0.122862056
0.0
0.17064962
0.1637912
0.15602261
0.17969999
0.012294041
0.122403204
0.0
0.0
0.0
0.0733404
0.07058293
0.0
0.0
0.016977506
0.0
0.045436535
0.060592793
0.0
0.0
0.15694907
0.0
0.13281341
0.0
0.0
0.0
0.05462815
0.0
0.0
0.0065360893
0.3505993
0.098882765
0.120635465
0.016682476
0.0
0.037297755
0.03540969
0.0
0.063946955
