0.0
0.0
0.1595437
0.044413663
0.0
0.022131424
0.06205176
0.0
0.07191597
0.22523893
0.0
0.08846318
0.0
0.43046305
0.0
0.04647459
0.0
0.0
0.0
0.17370638
0.017038967
0.037601598
0.0
0.0
0.14116642
0.0
0.0
0.14504881
0.0
0.0
0.0
0.0
0.0
0.038971074
0.21854727
0.04311997
0.093591906
0.15745386
0.1463559
0.0
0.0
0.0
0.0
0.0
0.15553579
0.0
0.002527954
0.18587105
0.16005732
0.0
0.0
0.032589525
0.0
0.018265545
0.0
0.0
0.0
0.119374394
0.07526114
0.19662079
0.046848003
0.060184475
0.0
0.0
0.03684964
0.09076088
0.0
0.090741806
0.0
0.0
0.0863744
0.0
0.0
0.0
0.00018354319
0.009460799
0.0
0.14146441
0.07377338
0.1615452
0.15216152
0.039984994
0.0
0.0
0.19302933
0.0
0.112672396
0.0
0.058562912
0.12420316
0.16298291
0.0
0.14141604
0.038704682
0.0030110013
0.09479996
0.092623636
0.0
0.22100632
0.098882236
0.13282713
0.09464849
0.0
0.0
0.12102565
0.0
0.08202613
0.0
0.0
0.0
0.23350027
0.0
0.12532952
0.31321076
0.0
0.08054143
0.0
0.0
0.0
0.0035994928
0.0
0.0
0.0
0.00035767443
0.0
0.087578334
0.12295637
0.0
0.33038864
0.0
0.11538218
0.23529005
0.092383645
0.0
0.032341484
0.0
0.03946776
0.008538935
0.21523024
0.21964358
0.1103405
0.1486476
0.048000254
0.047934253
0.15844147
0.1728846
0.0
0.015574637
0.0
0.14075594
0.0
0.0
0.13915494
0.0
0.17496325
0.0
0.0
0.0
0.0
0.18624765
0.21198174
0.0
0.06435919
0.13241012
0.0
0.24517795
0.0
0.0
0.0
0.066695325
0.0038343417
0.041835114
0.0
0.049750615
0.16983059
0.0
0.012653103
0.047675688
0.0
0.0
0.0
0.0
0.0
0.0
0.28516325
0.016074661
0.012282613
0.06822079
0.27691925
0.0
0.09813892
0.14110166
0.042334817
0.08069189
0.16956277
0.0
0.0
0.0
0.02701159
0.0
0.20008573
0.055075686
0.32505664
0.16474517
0.0
0.09832495
0.12366646
0.24675661
0.11555412
0.0650798
0.017834678
0.22698173
0.0
0.12623411
0.031175196
0.050130352
0.08402047
0.0
0.13945213
0.1352675
0.0
0.14314137
0.034174535
0.18135455
0.0
0.0
0.0
0.13928872
0.0
0.0
0.0
0.0
0.101510435
0.0
0.0
0.0
0.0
0.22659719
0.010587286
0.14516675
0.0
0.0
0.0
0.0
0.0
0.0
0.0
0.0
0.057814777
0.011514224
0.0
0.0
0.0
0.0
0.028213926
0.0
0.18037826
0.028852798
0.0
0.0
0.0
0.086510465
0.10523948
0.0
0.06853226
0.0
0.031449873
0.05681477
0.024545968
0.15051627
0.059256583
0.08129583
0.06529702
0.12903424
0.0746218
0.10504434
0.033339947
0.0
0.0
0.084653795
0.0
0.013396181
0.21754616
0.0
0.1732928
0.01570068
0.07276439
0.0
0.0
0.17016785
0.0
0.11804327
0.103524916
0.13639438
0.06521365
0.0
0.0
0.15274051
0.0
0.3097556
0.0
0.0
0.0
0.0
0.021099104
0.0
0.11137134
0.0
0.0
0.0
0.0
0.0
0.0
0.0
0.17610608
0.0
0.07373696
0.029454667
0.09733292
0.0
0.05235471
0.0
0.034659185
0.0
0.14917623
0.096340775
0.015533715
0.0
0.06847595
0.1164189
0.11322715
0.25606924
0.0
0.0
0.0
0.0
0.0
0.012513915
0.062330175
0.07632121
0.0
0.04481022
0.15624364
0.029640853
0.2675985
0.0
0.0
0.021879336
0.0
0.10887364
0.0
0.09519327
0.048524957
0.0
0.029647399
0.0
0.0
0.0
0.07130676
0.0
0.0
0.0
0.104634196
0.046658665
0.019797806
0.0
0.0
0.030301515
0.0421442
0.0
0.0
0.07096417
0.0
0.07215901
0.014859822
0.0
0.0
0.16023628
0.10945028
0.061557885
0.0046198564
0.0
0.19477381
0.0
0.060286015
0.0
0.2888446
0.020204322
0.0
0.0
0.17242084
0.0
0.0
0.0
0.051280923
0.15596208
0.0
0.0
0.030460048
0.200336
0.0
0.05430256
0.016852278
0.0
0.2489324
0.0
0.0
0.0
0.1899534
0.05052965
0.0
0.10555024
0.0
0.1790798
0.0
0.13595708
0.20444062
0.0
0.0
0.0
0.0
0.0
0.08628394
0.0
0.23387587
0.0
0.16530526
0.0
0.20385484
0.10089001
0.22933905
0.0
0.0
0.00059747044
0.31405637
0.0
0.15013924
0.017923735
0.0
0.0048054196
0.0
0.16856961
0.18679714
0.09687423
0.066585705
0.0
0.0
0.019358134
0.08135155
0.02905421
0.0
0.062316675
0.07429801
0.0
0.0
0.0
0.014988148
0.0
0.0
0.0
0.045612566
0.0
0.0
0.045544736
0.0948825
0.0050273286
0.0
0.0
0.025077442
0.0
0.11567278
0.063055955
0.0
0.10313289
0.0
0.0
0.051395092
0.0052746003
0.0
0.0
0.0
0.040809438
0.020767758
0.008343399
0.008227263
0.0
0.018531138
0.0
6.317813e-05
0.052396394
0.0
0.0
0.07650815
0.0
0.036689017
0.0
0.17015086
0.040243
0.05311755
0.0
0.0
0.0
0.0
0.0
0.0
0.0
0.0
0.0
0.02004377
0.0
0.0
0.0
0.10722915
0.06691646
0.07339773
0.09478806
0.0
0.0
0.0
0.13125469
0.0
0.24688199
0.0
0.0
0.023978174
0.0
0.23438734
0.0
0.0
0.10347089
0.009796906
0.0
0.07766379
0.0
0.0
0.051220387
0.0
0.0
0.0
0.0
0.0
0.22958569
0.0
0.0
0.077849306
0.136968
0.12963122
0.16891485
0.018223815
0.15713479
0.0
0.12423302
0.0
0.0
0.17730187
0.063215695
0.14507203
0.0
0.0
0.0
0.12083259
0.0
0.17260936
0.1686135
0.15449856
0.17665432
0.0076964414
0.12626167
0.0
0.0
0.0
0.074378416
0.07568359
0.0
0.0
0.012994189
0.0
0.045229435
0.05831701
0.0
0.0
0.15973571
0.0
0.1301012
0.0
0.0
0.0
0.059582926
0.0
0.0
0.0019093212
0.3536463
0.10043396
0.119108
0.012318766
0.0
0.036655955
0.030513354
0.0
0.062931694
