0.0
0.0
0.16614516
0.043115485
0.0
0.025743483
0.0626716
0.0
0.069647476
0.22432941
0.0
0.08714046
0.0
0.43094212
0.0
0.04279669
0.0
0.0
0.0
0.17904522
0.018790442
0.038111854
0.0
0.0
0.13827339
0.0
0.0
0.14845926
0.0
0.0
0.0
0.0
0.0
0.039597422
0.21905032
0.043593317
0.09059709
0.15827994
0.15135106
0.0
0.0
0.0
0.0
0.0
0.1557641
0.0
0.0
0.18545742
0.1610979
0.0
0.0
0.033774424
0.0
0.017960005
0.0
0.0
0.0
0.12116374
0.07744365
0.19641078
0.05385965
0.059969336
0.0
0.0
0.03803609
0.092104316
0.0
0.08994556
0.0
0.0
0.086525455
0.0
0.0
0.0
0.001393199
0.010169779
0.0
0.14041339
0.07272089
0.1640814
0.15049867
0.040961843
0.0
0.0
0.19808428
0.0
0.109812744
0.0
0.06013344
0.1193976
0.16303015
0.0
0.13642377
0.039009333
0.0
0.08985461
0.09346852
0.0
0.22068453
0.100276545
0.13283736
0.09444773
0.0
0.0
0.11975982
0.0
0.082828335
0.0
0.0
0.0
0.22961544
0.0
0.12914553
0.3113083
0.0
0.07927695
0.0
0.0
0.0
0.0060796607
0.0
0.0
0.0
0.00069745444
0.0
0.089212336
0.12288689
0.0
0.3303492
0.0
0.11185129
0.23376182
0.09285735
0.0
0.033351664
0.0
0.03981445
0.010673253
0.21311383
0.22101103
0.10963132
0.14911906
0.048657253
0.05064395
0.15428278
0.17257085
0.0
0.0155045595
0.0
0.14074093
0.0
0.0
0.13877012
0.0
0.17638314
0.0
0.0
0.0
0.0
0.18771054
0.20959404
0.0
0.066581644
0.12875283
0.0
0.24456738
0.0
0.0
0.0
0.06335884
0.0070698047
0.042522214
0.0
0.047245044
0.17221396
0.0
0.014408712
0.049113594
0.0
0.0
0.0
0.0
0.0
0.0
0.2848019
0.015783325
0.010588081
0.066863745
0.2748087
0.0
0.0977454
0.1395392
0.044582162
0.07964982
0.16950229
0.0
0.0
0.0
0.028865432
0.0
0.20167425
0.056592256
0.324586
0.16544603
0.0
0.095216274
0.12202853
0.24813806
0.11480543
0.062415294
0.018140739
0.22881432
0.0
0.12495789
0.031277344
0.04692948
0.08300928
0.0
0.13337697
0.13480225
0.0
0.14512606
0.03239736
0.18351421
0.0
0.0
0.0
0.1399483
0.0
0.0
0.0
0.0
0.102916434
0.0
0.0
0.0
0.0
0.22419867
0.012361936
0.14723295
0.0
0.001394581
0.0
0.0
0.0
0.0
0.0
0.0
0.06035281
0.007849423
0.0
0.0
0.0
0.0
0.026823424
0.0
0.17982967
0.025965758
0.0
0.0
0.0
0.09024354
0.10471154
0.0
0.071016796
0.0
0.030836925
0.053775895
0.02721819
0.15268691
0.057120997
0.079669006
0.0649539
0.12713334
0.07732921
0.10143435
0.032598723
0.0
0.0
0.08197588
0.0
0.013086723
0.21447983
0.0
0.17211755
0.018673737
0.072486565
0.0
0.0
0.172029
0.0
0.11421933
0.105012596
0.13545758
0.065925464
0.0
0.0
0.15256155
0.0
0.30945012
0.0
0.0
0.0
0.0
0.022593416
0.0
0.113059685
0.0
0.0
0.0
0.0
0.0
0.0
0.0
0.17224093
0.0
0.07352425
0.03308581
0.09820992
0.0
0.050969504
0.0
0.03160391
0.0
0.1458639
0.09828541
0.016272489
0.0
0.06348874
0.11735684
0.11103387
0.2565275
0.0
0.0
0.0
0.0
0.0
0.015350619
0.064398974
0.07860349
0.0
0.04135719
0.15817542
0.027127469
0.2671976
0.0
0.0
0.023849007
0.0
0.105797075
0.0
0.09288606
0.04591548
0.0
0.029024579
0.0
0.0
0.0
0.06864391
0.0
0.0
0.0
0.10606359
0.04392638
0.01621261
0.0
0.0
0.031898804
0.04500918
0.0
0.0
0.07079277
0.0
0.07183895
0.01522418
0.0
0.0
0.16154593
0.1055362
0.060264133
0.0068348134
0.0
0.19623002
0.0
0.055814344
0.0
0.28398535
0.022192372
0.0
0.0
0.17190348
0.0
0.0
0.0
0.05303825
0.15559582
0.0
0.0
0.032397173
0.2003457
0.0
0.058074284
0.017193627
0.0
0.2493196
0.0
0.0
0.0
0.19387913
0.04898172
0.0
0.1083707
0.0
0.18160284
0.0
0.12985261
0.20159799
0.0
0.0
0.0
0.0
0.0
0.087050244
0.0
0.23321259
0.0
0.16248263
0.0
0.20039082
0.101735406
0.2316702
0.0
0.0
0.0021629557
0.3117476
0.0
0.15163964
0.015819201
0.0
0.002504102
0.0
0.16739154
0.18563546
0.10158577
0.06894096
0.0
0.0
0.023631725
0.07886957
0.0268664
0.0
0.060333956
0.0747287
0.0
0.0
0.0
0.0142743625
0.0
0.0
0.0
0.045243483
0.0
0.0
0.045795083
0.09263927
0.004586694
0.0
0.0
0.024453262
0.0
0.11384214
0.05887625
0.0
0.10421482
0.0
0.0
0.04910561
0.0047900556
0.0
0.0
0.0
0.04163202
0.019157097
0.0043433215
0.007390596
0.0
0.015163386
0.0
0.0013881996
0.05132093
0.0
0.0
0.074410945
0.0
0.036904633
0.0
0.16845022
0.03946495
0.054658752
0.0
0.0
0.0
0.0
0.0
0.0
0.0
0.0
0.0
0.01892728
0.0
0.0
0.0
0.10609917
0.07045912
0.072059825
0.0951015
0.0
0.0
0.0
0.13052015
0.0
0.24849144
0.0
0.0
0.018746048
0.0
0.23407188
0.0
0.0
0.10144467
0.015136544
0.0
0.07826552
0.0
0.0
0.04928144
0.0
0.0
0.0
0.0
0.0
0.22804154
0.0
0.0
0.08067336
0.13989452
0.13228509
0.16680919
0.016424103
0.15414889
0.0
0.12411281
0.0
0.0
0.1774111
0.06358653
0.1426653
0.0
0.0
0.0
0.1225211
0.0
0.17189687
0.16475071
0.15568185
0.17930757
0.010157004
0.12367962
0.0
0.0
0.0
0.07391818
0.07151858
0.0
0.0
0.015737137
0.0
0.044908606
0.061048504
0.0
0.0
0.15738581
0.0
0.13172048
0.0
0.0
0.0
0.05596607
0.0
0.0
0.004181905
0.3506303
0.0990298
0.1205305
0.016247109
0.0
0.03541509
0.03378185
0.0
0.06400213
