0.0
0.0
0.16626003
0.041794956
0.0
0.02455793
0.06313924
0.0
0.068803124
0.22466677
0.0
0.08579163
0.0
0.42951545
0.0
0.041394394
0.0
0.0
0.0
0.18012045
0.019096076
0.03958802
0.0005521332
0.0
0.13766181
0.0
0.0
0.14911331
0.0
0.0
0.0
0.0
0.0
0.039226573
0.21906853
0.0451314
0.09050743
0.15762644
0.15181087
0.0
0.0
0.0
0.0
0.0
0.15528588
0.0
0.0
0.18363285
0.16160299
0.0
0.0
0.034790862
0.0
0.01938547
0.0
0.0
0.0
0.12220159
0.07869657
0.19582391
0.054083996
0.062209733
0.0
0.0
0.038039926
0.09241159
0.0
0.08943841
0.0
0.0
0.08789646
0.0
0.0
0.0
0.00064879097
0.009985289
0.0
0.140053
0.073124
0.1642545
0.1501065
0.041519348
0.0
0.0
0.19781725
0.0
0.11093874
0.0
0.05936839
0.11847795
0.16284963
0.0
0.13700491
0.0400019
0.00065135024
0.08907717
0.093733415
0.0
0.22100095
0.10037767
0.1331252
0.09409096
0.0
8.626655e-05
0.11869375
0.0
0.08218498
0.0
0.0
0.0
0.22836207
0.0
0.1301614
0.31084377
0.0
0.079602286
0.0
0.0
0.0
0.005137032
0.0
0.0
0.0
0.0019204505
0.0
0.09063336
0.12243606
0.0
0.33105573
0.0
0.112199225
0.23316714
0.09451905
0.0
0.032408066
0.0
0.040981486
0.012200344
0.21204951
0.22091985
0.10974941
0.14911667
0.048506353
0.050442595
0.15505646
0.17364712
0.0
0.015692765
0.0
0.14046505
0.0
0.0
0.13843757
0.0
0.1764682
0.0
0.0
0.0
0.0
0.18575099
0.20978284
0.0
0.06503611
0.12868424
0.0
0.24600798
0.0
0.0
0.0
0.06465605
0.0068015433
0.04340168
0.0
0.047026977
0.17148739
0.0
0.0145575795
0.04912178
0.0
0.0
0.0
0.0
0.0
0.0
0.28328156
0.01684146
0.009891166
0.06540273
0.27311444
0.0
0.09768262
0.13944224
0.045834832
0.08010867
0.17035897
0.0
0.0
0.0
0.028137755
0.0
0.20189981
0.057208166
0.3238003
0.16515204
0.0
0.09523027
0.12175435
0.24840675
0.114667356
0.061852943
0.018306503
0.228268
0.0
0.12566671
0.031438634
0.04618853
0.08158916
0.0
0.13324395
0.13431871
0.0
0.14506352
0.03163141
0.18434408
0.0
0.0
0.0
0.14052874
0.0
0.0
0.0
0.0
0.10265301
0.0
0.0
0.0
0.0
0.22437909
0.01213019
0.14693643
0.0
0.0013142191
0.0
0.0
0.0
0.0
0.0
0.0
0.060495317
0.0072299037
0.0
0.0
0.0
0.0
0.026279455
0.0
0.17913309
0.025462676
0.0
0.0
0.0
0.08971422
0.10462547
0.0
0.0709859
0.0
0.030751845
0.05384051
0.026929667
0.15344921
0.056689534
0.07966229
0.06493617
0.1259096
0.077909954
0.10241361
0.03291872
0.0
0.0
0.080704264
0.0
0.013373167
0.21475302
0.0
0.17143083
0.018294685
0.0721754
0.0
0.0
0.17265736
0.0
0.114264496
0.104422994
0.13520443
0.06570582
0.0
0.0
0.15271899
0.0
0.30970016
0.0
0.0
0.0
0.0
0.022720277
0.0
0.11406004
0.0
0.0
0.0
0.0
0.0
0.0
0.0
0.1719262
0.0
0.07409932
0.03372218
0.097826704
0.0
0.050739586
0.0
0.031889647
0.0
0.14518735
0.09861401
0.017046362
0.0
0.06381242
0.11702803
0.1111477
0.25608778
0.0
0.0
0.0
0.0
0.0
0.014959034
0.06334664
0.07923554
0.0
0.040471256
0.1574738
0.027338244
0.26787192
0.0
0.0
0.023315568
0.0
0.105618715
0.0
0.0920171
0.045598134
0.0
0.029957995
0.0
0.0
0.0
0.06798858
0.0
0.0
0.0
0.10780357
0.042947493
0.016552944
0.0
0.0
0.03272168
0.044640504
0.0
0.0
0.07116447
0.0
0.072274484
0.01507901
0.0
0.0
0.16196516
0.104997784
0.060752198
0.00629084
0.0
0.19624873
0.0
0.05482146
0.0
0.28299874
0.022509137
0.0
0.0
0.17182577
0.0
0.0
0.0
0.05325369
0.15593909
0.0
0.0
0.033195272
0.2006705
0.0
0.057416506
0.015825808
0.0
0.24936216
0.0
0.0
0.0
0.19437714
0.048677847
0.0
0.10952388
0.0
0.18102527
0.0
0.12901844
0.20218912
0.0
0.0
0.0
0.0
0.0
0.085854776
0.0
0.23263136
0.0
0.16122448
0.0
0.19875242
0.10210314
0.23179246
0.0
0.0
0.0020246375
0.31118634
0.0
0.1508755
0.015313623
0.0
0.0027458789
0.0
0.16742198
0.18532377
0.100756705
0.0690631
0.0
0.0
0.023342885
0.07877917
0.028804665
0.0
0.059612308
0.073848374
0.0
0.0
0.0
0.01423279
0.0
0.0
0.0
0.04495831
0.0
0.0
0.046379067
0.092187144
0.0052382844
0.0
0.0
0.02534834
0.0
0.11238086
0.05891777
0.0
0.10429999
0.0
0.0
0.04835716
0.00580406
0.0
0.0
0.0
0.041592658
0.018689336
0.0044552386
0.007052712
0.0
0.014027734
0.0
0.000301186
0.0511543
0.0
0.0
0.07486941
0.0
0.035934374
0.0
0.16780996
0.037550665
0.055449497
0.0
0.0
0.0
0.0
0.0
0.0
0.0
0.0
0.0
0.018886734
0.0
0.0
0.0
0.103704356
0.06999912
0.07220223
0.096023284
0.0
0.0
0.0
0.12911946
0.0
0.24915363
0.0
0.0
0.018658852
0.0
0.2350327
0.0
0.0
0.09971653
0.014633722
0.0
0.07755319
0.0
0.0
0.04803445
0.0
0.0
0.0
0.0
0.0
0.22849488
0.0
0.0
0.081209265
0.13922451
0.13118823
0.16635077
0.015026502
0.15491727
0.0
0.1235594
0.0
0.0
0.17714283
0.06420245
0.14315219
0.0
0.0
0.0
0.12343028
0.0
0.17051287
0.16386892
0.15612671
0.17957844
0.011908592
0.12256389
0.0
0.0
0.0
0.07332208
0.07089364
0.0
0.0
0.016461331
0.0
0.045639303
0.060414754
0.0
0.0
0.1565636
0.0
0.13264576
0.0
0.0
0.0
0.05501185
0.0
0.0
0.005908029
0.35042518
0.09895982
0.120167434
0.016579477
0.0
0.036627248
0.03487405
0.0
0.06386244
