0.0
0.0
0.1653391
0.04217237
0.0
0.024342004
0.062920004
0.0
0.06933354
0.2247032
0.0
0.08623103
0.0
0.42980805
0.0
0.04208203
0.0
0.0
0.0
0.17914665
0.01875469
0.039070014
0.0
0.0
0.13824539
0.0
0.0
0.1485784
0.0
0.0
0.0
0.0
0.0
0.039213803
0.21888995
0.044721328
0.091130234
0.15766615
0.15088
0.0
0.0
0.0
0.0
0.0
0.15536596
0.0
0.0
0.18426146
0.16142304
0.0
0.0
0.034429535
0.0
0.01916765
0.0
0.0
0.0
0.12168339
0.07814904
0.19604263
0.05304354
0.0617233
0.0
0.0
0.03771663
0.09220524
0.0
0.08966334
0.0
0.0
0.08756895
0.0
0.0
0.0
0.0006485153
0.009909937
0.0
0.14023407
0.07322041
0.16388695
0.15052861
0.041293707
0.0
0.0
0.19731914
0.0
0.11098027
0.0
0.059212737
0.11936861
0.16286863
0.0
0.13747267
0.039698534
0.000986333
0.0899634
0.093562394
0.0
0.22093268
0.10022034
0.13307393
0.094199166
0.0
0.0
0.11912403
0.0
0.0822542
0.0
0.0
0.0
0.22911777
0.0
0.129305
0.31110457
0.0
0.079692096
0.0
0.0
0.0
0.0049621575
0.0
0.0
0.0
0.0016272925
0.0
0.09005911
0.122467406
0.0
0.3308736
0.0
0.11256629
0.23342705
0.0940395
0.0
0.032469716
0.0
0.040832758
0.011598043
0.21255046
0.22075975
0.10980605
0.14898452
0.048372712
0.050075922
0.15560104
0.17348403
0.0
0.01573759
0.0
0.14061415
0.0
0.0
0.13849387
0.0
0.17621832
0.0
0.0
0.0
0.0
0.18595254
0.21020293
0.0
0.065075025
0.12912643
0.0
0.24576524
0.0
0.0
0.0
0.06482302
0.0063867643
0.043048985
0.0
0.047372278
0.17126113
0.0
0.014248269
0.04892904
0.0
0.0
0.0
0.0
0.0
0.0
0.2834733
0.016658006
0.010234406
0.06581217
0.2737191
0.0
0.0978283
0.13974504
0.04535236
0.08022381
0.17016819
0.0
0.0
0.0
0.028096644
0.0
0.20163882
0.056910146
0.32406977
0.16528003
0.0
0.09559778
0.12194173
0.24818362
0.11478394
0.062381264
0.018233983
0.22818084
0.0
0.12573119
0.031440217
0.04667665
0.08215954
0.0
0.13413565
0.13451415
0.0
0.14483307
0.03201475
0.18381852
0.0
0.0
0.0
0.14032178
0.0
0.0
0.0
0.0
0.10261832
0.0
0.0
0.0
0.0
0.22459501
0.012119231
0.14666371
0.0
0.00092916563
0.0
0.0
0.0
0.0
0.0
0.0
0.060072362
0.007859105
0.0
0.0
0.0
0.0
0.026638854
0.0
0.1793648
0.0259718
0.0
0.0
0.0
0.089399025
0.10460654
0.0
0.07062509
0.0
0.030841505
0.05426183
0.026477277
0.15296133
0.057185702
0.07988041
0.06494537
0.12632866
0.07729909
0.10267291
0.032802243
0.0
0.0
0.0813609
0.0
0.013392638
0.21507011
0.0
0.17160164
0.017998224
0.072190665
0.0
0.0
0.17219463
0.0
0.11492371
0.10429928
0.13541949
0.06574616
0.0
0.0
0.15269193
0.0
0.30960298
0.0
0.0
0.0
0.0
0.022568215
0.0
0.113563664
0.0
0.0
0.0
0.0
0.0
0.0
0.0
0.17260075
0.0
0.07394774
0.033106253
0.097844854
0.0
0.05102682
0.0
0.032300152
0.0
0.14587645
0.09818277
0.016690232
0.0
0.06449019
0.11691587
0.111302584
0.25610185
0.0
0.0
0.0
0.0
0.0
0.014561413
0.06325757
0.07886543
0.0
0.041122604
0.15738149
0.02756453
0.26768848
0.0
0.0
0.023090918
0.0
0.10608485
0.0
0.09259005
0.0460167
0.0
0.029777195
0.0
0.0
0.0
0.06851792
0.0
0.0
0.0
0.107303955
0.043568633
0.016945306
0.0
0.0
0.032353505
0.044272196
0.0
0.0
0.0710859
0.0
0.07225409
0.015040752
0.0
0.0
0.1617993
0.10559088
0.060817152
0.0062159393
0.0
0.19608612
0.0
0.055713605
0.0
0.28373072
0.022244666
0.0
0.0
0.1719559
0.0
0.0
0.0
0.052956436
0.15582092
0.0
0.0
0.032799914
0.2005202
0.0
0.057033516
0.015947428
0.0
0.24934115
0.0
0.0
0.0
0.19374646
0.04891353
0.0
0.108878255
0.0
0.18089427
0.0
0.1299818
0.20245972
0.0
0.0
0.0
0.0
0.0
0.086154744
0.0
0.23283325
0.0
0.16189194
0.0
0.19947113
0.10198781
0.23125981
0.0
0.0
0.0017284947
0.31168044
0.0
0.150623
0.015666803
0.0
0.0029572044
0.0
0.1675086
0.1855774
0.10027675
0.068617776
0.0
0.0
0.022865096
0.07918149
0.028746627
0.0
0.0600363
0.073945686
0.0
0.0
0.0
0.014439896
0.0
0.0
0.0
0.04495523
0.0
0.0
0.046219215
0.092628226
0.0050962893
0.0
0.0
0.025252862
0.0
0.11289938
0.05957419
0.0
0.10421627
0.0
0.0
0.04891094
0.0055684075
0.0
0.0
0.0
0.041530445
0.019013975
0.004952254
0.0072059035
0.0
0.014752589
0.0
0.00038192887
0.051276766
0.0
0.0
0.07507531
0.0
0.0361338
0.0
0.16812529
0.038133428
0.055035394
0.0
0.0
0.0
0.0
0.0
0.0
0.0
0.0
0.0
0.01901101
0.0
0.0
0.0
0.10438501
0.06954014
0.07235881
0.09564183
0.0
0.0
0.0
0.12960485
0.0
0.2487022
0.0
0.0
0.01937127
0.0
0.23494518
0.0
0.0
0.100319475
0.014037034
0.0
0.07756647
0.0
0.0
0.04852683
0.0
0.0
0.0
0.0
0.0
0.22873326
0.0
0.0
0.08080893
0.13900214
0.1309801
0.16670032
0.015577098
0.15516467
0.0
0.12372902
0.0
0.0
0.1771002
0.06398707
0.14329536
0.0
0.0
0.0
0.123145536
0.0
0.17094451
0.1645413
0.15588976
0.17920141
0.011061469
0.123156086
0.0
0.0
0.0
0.07349619
0.07165195
0.0
0.0
0.015908755
0.0
0.045471124
0.060161207
0.0
0.0
0.1569013
0.0
0.13218269
0.0
0.0
0.0
0.055642568
0.0
0.0
0.005134466
0.35089046
0.09918888
0.11999755
0.016066141
0.0
0.03640324
0.03414449
0.0
0.063666314
