0.0
0.0
0.16590312
0.042347565
0.0
0.024811752
0.06313859
0.0
0.069053195
0.22473001
0.0
0.08661161
0.0
0.42914307
0.0
0.04321582
0.0
0.0
0.0
0.1794715
0.01902685
0.040080786
0.0010266071
0.0
0.13758092
0.0
0.0
0.14827232
0.0
0.0
0.0
0.0
0.0
0.03943112
0.21961033
0.044697244
0.08964236
0.1580072
0.15201873
0.0
0.0
0.0
0.0
0.0
0.15525068
0.0
0.0
0.1830478
0.16084376
0.0
0.0
0.034178685
0.0
0.019037306
0.0
0.0
0.0
0.12193904
0.07842253
0.1955742
0.053421184
0.061716996
0.0
0.0
0.038601205
0.09209673
0.0
0.08979423
0.0
0.0
0.08757721
0.0
0.0
0.0
0.0006185379
0.01005786
0.0
0.14021847
0.07295433
0.16349761
0.14971355
0.0413097
0.0
0.0
0.19736518
0.0
0.11119571
0.0
0.059923317
0.11855491
0.16275647
0.0
0.13790117
0.039860718
0.000192184
0.089278795
0.09320189
0.0
0.22137864
0.09984304
0.13333908
0.09442782
0.0
0.0
0.11867395
0.0
0.08206721
0.0
0.0
0.0
0.22923915
0.0
0.13010749
0.3112037
0.0
0.07948356
0.0
0.0
0.0
0.005553942
0.0
0.0
0.0
0.0018031597
0.0
0.09048783
0.1228746
0.0
0.3313618
0.0
0.11306451
0.23354174
0.0942359
0.0
0.032395802
0.0
0.039448485
0.011594538
0.21214572
0.22057948
0.11021966
0.14927708
0.048524834
0.05067237
0.1544003
0.17302527
0.0
0.015068853
0.0
0.14035116
0.0
0.0
0.13861449
0.0
0.17651688
0.0
0.0
0.0
0.0
0.18639612
0.20911826
0.0
0.06487294
0.1293371
0.0
0.24563609
0.0
0.0
0.0
0.064819664
0.006578827
0.0434069
0.0
0.047455613
0.17222333
0.0
0.014759068
0.049074683
0.0
0.0
0.0
0.0
0.0
0.0
0.28484654
0.016669333
0.010345207
0.066175826
0.27429575
0.0
0.09751755
0.13906139
0.044830225
0.07927253
0.17003989
0.0
0.0
0.0
0.02801404
0.0
0.20182736
0.05655522
0.32338306
0.16445602
0.0
0.09584855
0.12236458
0.24782181
0.114952736
0.062176045
0.018256161
0.22816469
0.0
0.1254342
0.031163922
0.046988387
0.081375726
0.0
0.13360128
0.13455619
0.0
0.14498278
0.03214386
0.1837793
0.0
0.0
0.0
0.14070225
0.0
0.0
0.0
0.0
0.10220879
0.0
0.0
0.0
0.0
0.22497064
0.011239555
0.14754817
0.0
0.00044094305
0.0
0.0
0.0
0.0
0.0
0.0
0.06047946
0.0074301213
0.0
0.0
0.0
0.0
0.025764493
0.0
0.17939857
0.025900204
0.0
0.0
0.0
0.08909994
0.10526055
0.0
0.07131902
0.0
0.030691665
0.05399733
0.027632853
0.15307118
0.05611988
0.079915844
0.065168515
0.12689322
0.07821794
0.102096334
0.033981137
0.0
0.0
0.08154063
0.0
0.012785824
0.21462147
0.0
0.17246643
0.017658398
0.072505474
0.0
0.0
0.17253487
0.0
0.113813415
0.10508292
0.13479382
0.065083265
0.0
0.0
0.15270746
0.0
0.31019324
0.0
0.0
0.0
0.0
0.022438867
0.0
0.11428869
0.0
0.0
0.0
0.0
0.0
0.0
0.0
0.17233044
0.0
0.074165694
0.033110067
0.09742361
0.0
0.050395135
0.0
0.03172196
0.0
0.14473107
0.098487556
0.017010532
0.0
0.06372001
0.11701916
0.11158384
0.25617287
0.0
0.0
0.0
0.0
0.0
0.015382719
0.063559234
0.07802536
0.0
0.041118372
0.15700759
0.0283731
0.26843953
0.0
0.0
0.023250084
0.0
0.10589074
0.0
0.09186158
0.045787137
0.0
0.029861275
0.0
0.0
0.0
0.06823235
0.0
0.0
0.0
0.106622726
0.04358904
0.017040595
0.0
0.0
0.032009084
0.04481036
0.0
0.0
0.07105934
0.0
0.07182463
0.014780562
0.0
0.0
0.1607171
0.105481036
0.060858298
0.005736543
0.0
0.19583867
0.0
0.054607913
0.0
0.2843116
0.021373944
0.0
0.0
0.1714225
0.0
0.0
0.0
0.05284377
0.1566931
0.0
0.0
0.03292196
0.200905
0.0
0.057229675
0.016409347
0.0
0.24899101
0.0
0.0
0.0
0.19347882
0.048648663
0.0
0.10892747
0.0
0.18054983
0.0
0.12977594
0.20199613
0.0
0.0
0.0
0.0
0.0
0.085367434
0.0
0.23312552
0.0
0.16213466
0.0
0.19970803
0.1016169
0.23221296
0.0
0.0
0.0027357927
0.31093577
0.0
0.15168513
0.015505577
0.0
0.0029310891
0.0
0.16762783
0.18554918
0.10077847
0.06938274
0.0
0.0
0.02265938
0.07898181
0.028557293
0.0
0.059999272
0.07419364
0.0
0.0
0.0
0.013819176
0.0
0.0
0.0
0.04563213
0.0
0.0
0.0464518
0.09223422
0.005771392
0.0
0.0
0.025281835
0.0
0.11304577
0.05914061
0.0
0.103943676
0.0
0.0
0.0480055
0.0060009295
0.0
0.0
0.0
0.04111632
0.018848374
0.004957475
0.0074640047
0.0
0.014321223
0.0
0.00034538237
0.05135905
0.0
0.0
0.074919306
0.0
0.03633468
0.0
0.16756693
0.037797444
0.0552839
0.0
0.0
0.0
0.0
0.0
0.0
0.0
0.0
0.0
0.019298216
0.0
0.0
0.0
0.10441384
0.07040872
0.07260145
0.096157685
0.0
0.0
0.0
0.12922741
0.0
0.24900901
0.0
0.0
0.01871189
0.0
0.2344136
0.0
0.0
0.100583605
0.0142283
0.0
0.078436606
0.0
0.0
0.049245752
0.0
0.0
0.0
0.0
0.0
0.22761092
0.0
0.0
0.07963127
0.13853562
0.13167834
0.16682863
0.015240546
0.15454873
0.0
0.12392003
0.0
0.0
0.17773674
0.06407963
0.14280187
0.0
0.0
0.0
0.12257639
0.0
0.17053767
0.1643609
0.15577924
0.1790892
0.0119901
0.12324462
0.0
0.0
0.0
0.07375723
0.070933536
0.0
0.0
0.01611545
0.0
0.04608293
0.060448498
0.0
0.0
0.15752512
0.0
0.13255784
0.0
0.0
0.0
0.056286335
0.0
0.0
0.005657201
0.3499683
0.09897196
0.12036473
0.015563239
0.0
0.036573797
0.03445623
0.0
0.06452303
