0.0
0.0
0.16426897
0.041918468
0.0
0.023146832
0.063128985
0.0
0.0692441
0.22503468
0.0
0.08572183
0.0
0.42897093
0.0
0.042024557
0.0
0.0
0.0
0.17888497
0.01861227
0.039805908
0.00018948875
0.0
0.13832018
0.0
0.0
0.1483069
0.0
0.0
0.0
0.0
0.0
0.038964283
0.21892104
0.04535412
0.09129257
0.15713413
0.15055561
0.0
0.0
0.0
0.0
0.0
0.15513496
0.0
0.0
0.18316938
0.161481
0.0
0.0
0.034672778
0.0
0.019779528
0.0
0.0
0.0
0.12195984
0.07841426
0.19566731
0.05213345
0.06285665
0.0
0.0
0.03774573
0.09210394
0.0
0.08949351
0.0
0.0
0.08821632
0.0
0.0
0.0
9.99365e-05
0.009771658
0.0
0.1402314
0.07350514
0.16354862
0.15036464
0.04143921
0.0
0.0
0.19620506
0.0
0.11205603
0.0
0.05878465
0.11958277
0.16274013
0.0
0.13861062
0.040200934
0.0019036522
0.090286195
0.09358261
0.0
0.22113748
0.10003388
0.13311908
0.09399195
0.0
0.0
0.11878206
0.0
0.08171808
0.0
0.0
0.0
0.2291763
0.0
0.12938403
0.31128263
0.0
0.08005491
0.0
0.0
0.0
0.0040914677
0.0
0.0
0.0
0.00213895
0.0
0.09050054
0.12238158
0.0
0.33118466
0.0
0.11323485
0.23349385
0.09488538
0.0
0.031896453
0.0
0.041140698
0.012022453
0.21248087
0.22051564
0.10996805
0.14904904
0.048350852
0.049448617
0.15630658
0.17395847
0.0
0.015719209
0.0
0.14033984
0.0
0.0
0.13846248
0.0
0.17602286
0.0
0.0
0.0
0.0
0.18475527
0.21053039
0.0
0.06394103
0.12967816
0.0
0.24651311
0.0
0.0
0.0
0.06601469
0.005814068
0.043343317
0.0
0.047673885
0.170659
0.0
0.014081741
0.048621885
0.0
0.0
0.0
0.0
0.0
0.0
0.2829501
0.017270584
0.010157995
0.06535146
0.27327585
0.0
0.09767218
0.13988474
0.045483597
0.08050898
0.17050725
0.0
0.0
0.0
0.027352259
0.0
0.2014567
0.056861594
0.32376465
0.16481708
0.0
0.09611513
0.12223776
0.24808767
0.11485945
0.062375676
0.018258113
0.22756985
0.0
0.12614304
0.031450465
0.046999104
0.08148151
0.0
0.13499615
0.13422996
0.0
0.14451054
0.031990536
0.18396822
0.0
0.0
0.0
0.14048713
0.0
0.0
0.0
0.0
0.102137886
0.0
0.0
0.0
0.0
0.22509977
0.0115064755
0.14628427
0.0
0.00017484277
0.0
0.0
0.0
0.0
0.0
0.0
0.05980647
0.008134831
0.0
0.0
0.0
0.0
0.026524054
0.0
0.17913026
0.026108049
0.0
0.0
0.0
0.08844966
0.10477874
0.0
0.07026021
0.0
0.030897444
0.054691855
0.026119718
0.15300298
0.05715575
0.08006741
0.06504117
0.12620153
0.077317104
0.10375597
0.033209216
0.0
0.0
0.08113099
0.0
0.013630714
0.21572855
0.0
0.17153332
0.017388131
0.07223238
0.0
0.0
0.17226805
0.0
0.11530047
0.10382713
0.13534105
0.06538892
0.0
0.0
0.15278408
0.0
0.30985674
0.0
0.0
0.0
0.0
0.022295093
0.0
0.113848016
0.0
0.0
0.0
0.0
0.0
0.0
0.0
0.17287174
0.0
0.074286945
0.032841712
0.097530745
0.0
0.051070053
0.0
0.0328361
0.0
0.14601691
0.09822975
0.017100118
0.0
0.06530011
0.116713636
0.11191776
0.2558691
0.0
0.0
0.0
0.0
0.0
0.01407648
0.062430117
0.07874438
0.0
0.041199446
0.15677047
0.028200163
0.2682147
0.0
0.0
0.022682639
0.0
0.10649368
0.0
0.092439726
0.046193108
0.0
0.030459834
0.0
0.0
0.0
0.068523675
0.0
0.0
0.0
0.10788901
0.04345209
0.01775445
0.0
0.0
0.032396022
0.04365212
0.0
0.0
0.07133433
0.0
0.072414994
0.014979962
0.0
0.0
0.16170597
0.10602669
0.061210427
0.0053729983
0.0
0.19590352
0.0
0.055898055
0.0
0.28423318
0.022012163
0.0
0.0
0.17196041
0.0
0.0
0.0
0.05286101
0.15612113
0.0
0.0
0.032880194
0.2008054
0.0
0.056209035
0.015432677
0.0
0.24927875
0.0
0.0
0.0
0.19335634
0.04919427
0.0
0.1089637
0.0
0.18012701
0.0
0.13052848
0.20306952
0.0
0.0
0.0
0.0
0.0
0.08520106
0.0
0.23263969
0.0
0.16164397
0.0
0.19938627
0.10192648
0.23118581
0.0
0.0
0.0015356652
0.31170827
0.0
0.15036446
0.015867036
0.0
0.0035345582
0.0
0.16783166
0.18556282
0.099081546
0.06848444
0.0
0.0
0.022127327
0.07947548
0.02992718
0.0
0.05997342
0.07349413
0.0
0.0
0.0
0.014355955
0.0
0.0
0.0
0.044986244
0.0
0.0
0.046449974
0.09267175
0.005506384
0.0
0.0
0.02586418
0.0
0.1124834
0.06004341
0.0
0.10394755
0.0
0.0
0.048868075
0.0062410384
0.0
0.0
0.0
0.04128788
0.019015606
0.005637437
0.0071133208
0.0
0.014699869
0.0
0.0
0.051504888
0.0
0.0
0.07566487
0.0
0.035534244
0.0
0.16825782
0.03720921
0.055222597
0.0
0.0
0.0
0.0
0.0
0.0
0.0
0.0
0.0
0.019230356
0.0
0.0
0.0
0.103499204
0.06881
0.07259801
0.09624304
0.0
0.0
0.0
0.12891704
0.0
0.24898605
0.0
0.0
0.020195369
0.0
0.23538242
0.0
0.0
0.09986752
0.013065778
0.0
0.077115275
0.0
0.0
0.048233904
0.0
0.0
0.0
0.0
0.0
0.22906777
0.0
0.0
0.08056141
0.13816187
0.13021587
0.16676946
0.015204488
0.1560572
0.0
0.12335718
0.0
0.0
0.17703065
0.064212516
0.14400266
0.0
0.0
0.0
0.12308495
0.0
0.17038879
0.16474098
0.15587118
0.17889957
0.011660585
0.12302852
0.0
0.0
0.0
0.073316574
0.07193359
0.0
0.0
0.015865259
0.0
0.04593051
0.059379894
0.0
0.0
0.15704866
0.0
0.13244246
0.0
0.0
0.0
0.055825416
0.0
0.0
0.0057759555
0.3512119
0.09938151
0.119739585
0.015462459
0.0
0.03737695
0.034218103
0.0
0.06354692
