0.0
0.0
0.16332896
0.042931873
0.0
0.02313293
0.063126795
0.0
0.06977684
0.22503743
0.0
0.086511485
0.0
0.42900804
0.0
0.0435467
0.0
0.0
0.0
0.1778732
0.01841633
0.03980575
0.00027847989
0.0
0.13863657
0.0
0.0
0.14734197
0.0
0.0
0.0
0.0
0.0
0.039184306
0.21922679
0.04474905
0.09098481
0.15729779
0.15036394
0.0
0.0
0.0
0.0
0.0
0.15521166
0.0
0.00018160231
0.18307829
0.16080458
0.0
0.0
0.033945803
0.0
0.019146476
0.0
0.0
0.0
0.121617995
0.077678174
0.19563133
0.051152717
0.062175706
0.0
0.0
0.038258657
0.09170366
0.0
0.08991556
0.0
0.0
0.08776683
0.0
0.0
0.0
0.000111622736
0.009848077
0.0
0.14058013
0.073315606
0.16300078
0.15009399
0.041105263
0.0
0.0
0.19518423
0.0
0.11241403
0.0
0.059320956
0.120231755
0.16280514
0.0
0.13940603
0.040019505
0.0017771395
0.0910791
0.09332448
0.0
0.22130999
0.09949215
0.13305111
0.09415044
0.0
0.0
0.119223714
0.0
0.08169708
0.0
0.0
0.0
0.23033063
0.0
0.12901124
0.31207418
0.0
0.08010847
0.0
0.0
0.0
0.0043007415
0.0
0.0
0.0
0.0016225036
0.0
0.08992382
0.122820616
0.0
0.33114192
0.0
0.113808885
0.23410182
0.09451351
0.0
0.03222673
0.0
0.03987258
0.011081837
0.21310794
0.22019306
0.11019509
0.14919727
0.048689343
0.04932077
0.15590215
0.17335705
0.0
0.0152746625
0.0
0.14015855
0.0
0.0
0.13888782
0.0
0.17587283
0.0
0.0
0.0
0.0
0.1852574
0.2101952
0.0
0.06416991
0.13054417
0.0
0.24609578
0.0
0.0
0.0
0.065977275
0.005630733
0.04305712
0.0
0.04817315
0.17102407
0.0
0.01395244
0.04841142
0.0
0.0
0.0
0.0
0.0
0.0
0.28427744
0.016900081
0.010827356
0.06644368
0.27447557
0.0
0.09743009
0.13976726
0.044306897
0.079998866
0.17012735
0.0
0.0
0.0
0.027145501
0.0
0.20121975
0.056171924
0.32393056
0.16419227
0.0
0.09680185
0.122972585
0.24751689
0.11510131
0.06275149
0.018094582
0.22739229
0.0
0.12590574
0.03116126
0.04810668
0.08156467
0.0
0.13573024
0.13440734
0.0
0.14426051
0.032709688
0.18348247
0.0
0.0
0.0
0.14021283
0.0
0.0
0.0
0.0
0.10161846
0.0
0.0
0.0
0.0
0.2257007
0.010587407
0.14642146
0.0
0.0
0.0
0.0
0.0
0.0
0.0
0.0
0.05968732
0.008771064
0.0
0.0
0.0
0.0
0.026644308
0.0
0.17946382
0.026667884
0.0
0.0
0.0
0.087864384
0.105280235
0.0
0.07015336
0.0
0.031030245
0.0550294
0.02647257
0.15252416
0.05692327
0.08031142
0.0651979
0.12729996
0.077205226
0.103724375
0.03386296
0.0
0.0
0.081935726
0.0
0.013274246
0.21611898
0.0
0.17241651
0.017039422
0.07268984
0.0
0.0
0.17197573
0.0
0.115206
0.10410699
0.13523754
0.06482587
0.0
0.0
0.15270965
0.0
0.31014168
0.0
0.0
0.0
0.0
0.021809226
0.0
0.11355828
0.0
0.0
0.0
0.0
0.0
0.0
0.0
0.17312622
0.0
0.074326016
0.032026283
0.09738621
0.0
0.05103144
0.0
0.03296025
0.0
0.14621781
0.09827156
0.017064786
0.0
0.065616526
0.116793156
0.11263004
0.25595218
0.0
0.0
0.0
0.0
0.0
0.014228379
0.06267235
0.07779593
0.0
0.041963793
0.15652615
0.02892866
0.26848832
0.0
0.0
0.022803836
0.0
0.10690134
0.0
0.09271176
0.04663319
0.0
0.030389406
0.0
0.0
0.0
0.069064654
0.0
0.0
0.0
0.106633104
0.044086993
0.018243423
0.0
0.0
0.031670067
0.043616205
0.0
0.0
0.07127084
0.0
0.07207775
0.015057951
0.0
0.0
0.16075717
0.1068519
0.06126601
0.0048070773
0.0
0.19553676
0.0
0.056380697
0.0
0.28578594
0.021205686
0.0
0.0
0.17172658
0.0
0.0
0.0
0.052586094
0.156439
0.0
0.0
0.03221373
0.20100816
0.0
0.056044403
0.016342621
0.0
0.24895808
0.0
0.0
0.0
0.19247915
0.04962667
0.0
0.10811475
0.0
0.17971973
0.0
0.1318016
0.20302568
0.0
0.0
0.0
0.0
0.0
0.084950946
0.0
0.23298866
0.0
0.16244963
0.0
0.2008345
0.10126927
0.23146829
0.0
0.0
0.0018747812
0.31187403
0.0
0.15122819
0.016517214
0.0
0.0039580204
0.0
0.1680958
0.18572561
0.09885821
0.068534665
0.0
0.0
0.021464095
0.07969077
0.029339746
0.0
0.06046041
0.07378908
0.0
0.0
0.0
0.013957412
0.0
0.0
0.0
0.045547113
0.0
0.0
0.046136472
0.09279984
0.0057053613
0.0
0.0
0.02578737
0.0
0.11339428
0.060254637
0.0
0.10345668
0.0
0.0
0.049124327
0.0062632654
0.0
0.0
0.0
0.040842663
0.019425912
0.0062013306
0.0073698275
0.0
0.01540518
0.0
0.0
0.05191182
0.0
0.0
0.07568933
0.0
0.03586137
0.0
0.16877232
0.037682243
0.05484212
0.0
0.0
0.0
0.0
0.0
0.0
0.0
0.0
0.0
0.019533634
0.0
0.0
0.0
0.1045801
0.06891393
0.0726685
0.09638411
0.0
0.0
0.0
0.12921429
0.0
0.2488586
0.0
0.0
0.020840177
0.0
0.23470098
0.0
0.0
0.100991204
0.012565306
0.0
0.07762805
0.0
0.0
0.049364917
0.0
0.0
0.0
0.0
0.0
0.22850575
0.0
0.0
0.079321064
0.13763826
0.13060987
0.16731958
0.015879748
0.15610206
0.0
0.12354672
0.0
0.0
0.17737658
0.06406345
0.14418364
0.0
0.0
0.0
0.121902004
0.0
0.17084259
0.16572072
0.15546799
0.17820482
0.011146641
0.12389508
0.0
0.0
0.0
0.07376677
0.07249594
0.0
0.0
0.015441181
0.0
0.045881845
0.05923133
0.0
0.0
0.15826184
0.0
0.13200782
0.0
0.0
0.0
0.057091746
0.0
0.0
0.0052497564
0.35150877
0.09956728
0.12000942
0.014422214
0.0
0.037546597
0.033569314
0.0
0.0638335
