0.0
0.0
0.16709204
0.042478036
0.0
0.026024481
0.06273499
0.0
0.06912151
0.22439
0.0
0.08693315
0.0
0.4304499
0.0
0.042763278
0.0
0.0
0.0
0.1797906
0.019005366
0.038825154
0.0003006463
0.0
0.13763016
0.0
0.0
0.14879571
0.0
0.0
0.0
0.0
0.0
0.03953263
0.21934856
0.04399522
0.0898168
0.15845081
0.15204781
0.0
0.0
0.0
0.0
0.0
0.1556284
0.0
0.0
0.18472755
0.16112772
0.0
0.0
0.034121282
0.0
0.018363938
0.0
0.0
0.0
0.12147873
0.07811956
0.19616911
0.054595936
0.06036957
0.0
0.0
0.0381779
0.09228347
0.0
0.08970536
0.0
0.0
0.08680084
0.0
0.0
0.0
0.0013770275
0.010211751
0.0
0.14016587
0.07268373
0.16406104
0.15022624
0.041166835
0.0
0.0
0.19895352
0.0
0.10968876
0.0
0.060113654
0.1184728
0.16285661
0.0
0.13630195
0.03918446
0.0
0.08888412
0.09324074
0.0
0.22088273
0.10035122
0.13312642
0.09458125
0.0
0.0
0.119103156
0.0
0.08268757
0.0
0.0
0.0
0.2290169
0.0
0.12983234
0.31077617
0.0
0.07906602
0.0
0.0
0.0
0.0063351784
0.0
0.0
0.0
0.0012210496
0.0
0.08991014
0.122814395
0.0
0.33078587
0.0
0.112021044
0.2334786
0.09317002
0.0
0.03294032
0.0
0.039701834
0.011292558
0.21235129
0.22105424
0.10988921
0.14918211
0.048339207
0.051156156
0.1538635
0.17266046
0.0
0.015368113
0.0
0.14076109
0.0
0.0
0.1384503
0.0
0.17669863
0.0
0.0
0.0
0.0
0.18770428
0.20908922
0.0
0.066129565
0.12827268
0.0
0.24470614
0.0
0.0
0.0
0.063528486
0.007146381
0.042990997
0.0
0.04706804
0.17260295
0.0
0.014883219
0.04934559
0.0
0.0
0.0
0.0
0.0
0.0
0.28490162
0.01613871
0.010236591
0.06634177
0.274452
0.0
0.097769134
0.13922435
0.04500189
0.079319745
0.1696209
0.0
0.0
0.0
0.028938925
0.0
0.20190965
0.056840684
0.32388252
0.16534805
0.0
0.0949868
0.12180739
0.2482597
0.11480842
0.062118374
0.018323958
0.22895211
0.0
0.12493138
0.031282797
0.046416406
0.08253213
0.0
0.13263959
0.13478889
0.0
0.14542177
0.03201273
0.1836525
0.0
0.0
0.0
0.14048703
0.0
0.0
0.0
0.0
0.102965996
0.0
0.0
0.0
0.0
0.22407222
0.0124951685
0.1477721
0.0
0.0015702117
0.0
0.0
0.0
0.0
0.0
0.0
0.06060713
0.007117359
0.0
0.0
0.0
0.0
0.026051052
0.0
0.17960644
0.025655564
0.0
0.0
0.0
0.09033103
0.10486105
0.0
0.071596004
0.0
0.0305737
0.053442113
0.027746549
0.15291888
0.05665464
0.07958863
0.06505701
0.12675607
0.0779478
0.10110883
0.03299426
0.0
0.0
0.08173016
0.0
0.012941329
0.2138624
0.0
0.17209293
0.0184814
0.07234263
0.0
0.0
0.17235474
0.0
0.11369913
0.10538127
0.13512027
0.065914914
0.0
0.0
0.15272316
0.0
0.3096668
0.0
0.0
0.0
0.0
0.022880934
0.0
0.11379662
0.0
0.0
0.0
0.0
0.0
0.0
0.0
0.1721753
0.0
0.073585324
0.033513594
0.09790127
0.0
0.05056887
0.0
0.031199036
0.0
0.14499137
0.098267406
0.016428271
0.0
0.06284678
0.11732021
0.1106714
0.2565907
0.0
0.0
0.0
0.0
0.0
0.015719365
0.06436621
0.07849512
0.0
0.04094774
0.15801434
0.027305342
0.2674718
0.0
0.0
0.023747925
0.0
0.10548505
0.0
0.09223679
0.04549864
0.0
0.029104019
0.0
0.0
0.0
0.06811094
0.0
0.0
0.0
0.10641098
0.04366474
0.016092341
0.0
0.0
0.03210652
0.04533361
0.0
0.0
0.070813656
0.0
0.07175393
0.014857036
0.0
0.0
0.16136846
0.10497311
0.060307708
0.006895085
0.0
0.19621925
0.0
0.054828636
0.0
0.28339365
0.022030368
0.0
0.0
0.1716983
0.0
0.0
0.0
0.053026788
0.15606359
0.0
0.0
0.03295549
0.20043041
0.0
0.058168843
0.016734654
0.0
0.24926989
0.0
0.0
0.00018642936
0.19411215
0.048431996
0.0
0.108957864
0.0
0.18153973
0.0
0.12893234
0.20136641
0.0
0.0
0.0
0.0
0.0
0.08668336
0.0
0.23324588
0.0
0.16230251
0.0
0.19956756
0.10193451
0.23200795
0.0
0.0
0.002597344
0.31114414
0.0
0.15163347
0.015222399
0.0
0.0021721376
0.0
0.16728278
0.18558455
0.10198983
0.0693767
0.0
0.0
0.023841415
0.078704745
0.027256642
0.0
0.06008129
0.074729666
0.0
0.0
0.0
0.014199727
0.0
0.0
0.0
0.04531491
0.0
0.0
0.046236455
0.09242352
0.0049125254
0.0
0.0
0.024517348
0.0
0.113350436
0.05867718
0.0
0.104451954
0.0
0.0
0.048293736
0.0050301338
0.0
0.0
0.0
0.041686088
0.018745484
0.0041036867
0.007498525
0.0
0.014460849
0.0
0.0013349163
0.05104471
0.0
0.0
0.07436657
0.0
0.036847036
0.0
0.16752604
0.03901334
0.05504218
0.0
0.0
0.0
0.0
0.0
0.0
0.0
0.0
0.0
0.018984756
0.0
0.0
0.0
0.105389714
0.07089085
0.07235053
0.09524219
0.0
0.0
0.0
0.13008541
0.0
0.24866712
0.0
0.0
0.01791234
0.0
0.2342257
0.0
0.0
0.10084037
0.015493199
0.0
0.07861307
0.0
0.0
0.049041964
0.0
0.0
0.0
0.0
0.0
0.227716
0.0
0.0
0.08058874
0.13987838
0.13242197
0.16657318
0.015728597
0.15369125
0.0
0.1241825
0.0
0.0
0.17766957
0.063659824
0.14209592
0.0
0.0
0.0
0.12306988
0.0
0.17123748
0.16395324
0.1558619
0.17964642
0.011142087
0.12319345
0.0
0.0
0.0
0.07379374
0.070693836
0.0
0.0
0.015994232
0.0
0.045482863
0.061288074
0.0
0.0
0.15691352
0.0
0.1322827
0.0
0.0
0.0
0.05570478
0.0
0.0
0.0047884677
0.34969705
0.09877858
0.12049398
0.016499866
0.0
0.03525322
0.03430175
0.0
0.06444074
