0.5438364
2.2153766
2.3794305
0.52088827
0.46558514
0.6060578
2.5405517
0.25428373
0.77325374
2.5280612
0.0
1.3230653
0.41071287
2.536405
0.91385686
2.455841
2.2602143
1.0444987
8.385993
2.2874694
2.5449557
0.6599722
0.54373795
0.0
2.671873
1.1110398
0.0
2.276416
1.3353114
0.0
0.47381347
0.3216096
2.220853
2.459889
2.349891
1.2195957
2.1841083
1.7168157
2.3009572
0.68530697
2.250952
8.120741
0.43637502
0.25286943
2.3841488
1.5920827
0.8458502
2.4632118
2.4304116
1.0027357
1.0819855
0.0
0.974242
2.4265811
2.008639
1.1561533
0.64831376
2.5854182
1.980562
1.3084052
2.443408
2.4158766
0.56941587
1.0938187
0.945816
1.6556065
0.0
2.3415656
0.9732244
0.54273224
2.3179903
0.55741554
0.0
0.0
0.17860922
0.7245712
0.78012073
1.3514203
2.3538737
2.4843113
2.4528284
0.69646716
8.402638
3.4823484
0.86060864
1.0709572
2.509712
0.9753063
2.4065166
2.4374814
2.650554
0.8800403
2.5686123
1.1146866
0.43484026
2.2254045
2.3524933
2.160492
1.493013
1.9953836
2.1865413
2.424539
0.76210225
0.41778767
2.2700353
1.1550871
2.3806834
0.3937365
0.0
0.5097161
1.6021348
0.95839596
2.4596393
2.5944061
0.8268742
2.4788666
1.0238175
0.41262102
0.866617
2.091097
0.38573292
0.74923974
0.0
2.2518628
0.0
2.605481
1.4408181
0.8290135
2.5907853
1.1565487
2.333661
2.5790055
2.2790892
0.0
0.55694747
1.0861424
2.0829191
2.1466613
2.0482054
2.40641
0.993581
2.4730341
2.3972068
1.0730969
2.4605973
2.2706134
0.18203385
2.0325837
1.6271552
1.7071692
2.0844648
0.71323246
2.4883358
1.6495967
2.5131333
0.0
0.3231862
1.2027116
0.7864436
2.5002933
2.5884297
1.0944703
0.46036848
0.77256036
0.4038158
2.4383342
0.6956784
0.38664335
0.6023184
2.2014797
2.3775218
0.6931572
0.7160752
0.85022783
0.9847572
0.0
0.35949752
2.3430133
2.057192
0.70480794
0.4904357
0.3890656
2.2049208
0.3525321
2.3782191
2.0655499
0.7556152
1.3189789
2.5583596
0.593098
2.446166
1.2920073
0.58241713
2.253014
2.3283918
0.43578294
0.61676955
0.0
1.3504609
0.76775694
2.3034806
0.7628655
1.8476504
2.4181352
0.5940721
2.2819679
1.5377549
2.6929386
2.380347
2.3007364
2.32377
2.2494218
0.29506326
2.2729192
2.2986875
0.7603175
2.0628695
0.19528109
1.9308732
2.407821
0.6916202
0.77576274
1.2375288
2.3540113
0.084363766
1.0127295
0.16872868
0.99831784
0.66764325
0.0
0.48863262
0.86514777
2.837443
0.88970983
0.89908403
0.71995735
0.0
2.2312193
1.2118832
2.400762
0.0
0.80753917
0.0
2.1908946
0.579289
0.70545405
0.0
2.379559
2.1494048
1.4940361
0.0
2.2965894
0.55691993
0.5663603
0.58810717
0.57522297
2.3711882
0.39321217
0.7531097
0.5901677
1.3164163
0.5397908
0.75557095
0.9618509
2.3855755
0.0
2.3099859
0.49551475
1.0957326
1.734881
2.1669247
2.4763324
1.5743335
2.5224621
2.4478276
0.65081245
1.2005459
0.8548615
0.23298006
1.6612507
0.42379773
2.346271
2.5778792
0.40296543
2.5137699
0.7886734
0.96486264
0.38773742
0.42270923
2.55842
1.0997133
2.306614
2.3839612
2.5547779
0.6931284
0.7813608
0.66708
1.9266614
1.9481308
2.4112055
0.0
0.7334517
0.0
0.82642823
1.549058
0.5394739
0.88254935
0.33947346
0.0
0.6387931
2.2601597
2.353854
0.9077784
0.4256722
2.5959902
0.92960554
2.4906003
2.2302225
1.8213118
0.7458121
2.352435
0.6403533
0.60481656
0.0
2.4061909
2.318098
2.3361437
0.6349372
2.3458087
2.5944648
2.3134065
1.9935123
0.3643618
0.0
0.0
0.35839537
0.3213402
1.0343292
0.61577713
2.406849
0.9555638
2.044223
2.2441113
1.9730632
2.4438975
2.1446524
2.2018874
2.020299
0.0
1.8162746
0.40107775
2.306658
1.369201
0.0
2.1331787
0.61459845
0.0
0.5018229
0.69321483
0.695851
0.45127663
2.5057042
2.2840753
0.39846405
2.4299345
0.75000226
0.41930747
1.1125246
0.8062653
0.6579036
0.45322356
0.9164961
0.4538015
1.3911633
0.89386714
2.8192525
0.6919109
1.4801658
0.8390796
2.184988
1.6943552
0.0
2.3628907
0.0
1.6305444
0.523893
2.3648481
0.46224144
0.6056399
0.15786307
1.954219
0.6107027
2.532381
0.0
1.0085145
1.2373537
1.1188142
4.338667
2.1902175
2.739487
0.4625467
2.1997721
0.9211524
0.0
2.1733758
0.62188876
0.70126384
2.3587925
1.4652764
0.51092565
2.5007749
1.1470684
0.0
2.3093526
0.21927169
2.2369766
2.4215477
0.5863764
0.44597673
0.0
1.5652045
0.0
1.8139796
1.328948
2.5298686
0.43575785
2.4114923
0.7535429
2.3139672
2.3123882
2.5391061
0.6684802
2.2225876
2.4063048
2.2879982
0.8579786
1.4754602
2.5196002
0.68241036
0.0
0.5577136
2.430963
0.6561907
1.7075896
1.3559247
1.825885
1.7932925
0.61692953
0.8955009
2.0923011
0.63049287
0.7320675
2.358065
0.36898255
0.2874915
1.0226911
0.04715366
0.77967036
3.1215189
0.48701984
1.1425256
0.5233924
1.1517136
2.1169841
2.5252235
2.277535
0.0
1.9645947
2.2779381
0.51245403
2.2610338
2.2310133
0.7561024
2.4471061
0.0
0.0
2.4174194
0.8738147
0.0
0.54852265
0.8194832
2.2409558
0.87546057
2.1303077
0.8960105
0.9281434
2.3911934
0.5870194
1.9346412
1.8060328
0.7704599
2.209561
2.3197377
0.0
2.2609174
0.0
2.4045408
1.2498327
2.0934935
0.0
1.1435287
0.0
0.34767142
0.6001579
2.8685029
0.0
0.0
0.9414769
2.1207268
0.5101599
0.60735804
1.135689
0.88217133
0.7457167
2.2136862
2.3072057
2.0518022
2.3339598
0.7351549
1.6956328
0.5211148
1.4703777
0.7971325
2.2087233
0.72382617
0.31548467
2.517924
0.76512307
0.3795255
2.4564488
2.064522
1.0061167
1.4297279
0.8901822
0.6781741
2.1056995
0.56341726
0.6777586
0.39506257
0.66045004
0.8467003
2.164842
0.5027944
0.9513732
1.0901974
0.7629755
1.4927502
2.4550412
2.3963876
2.3317256
0.8599056
2.2898915
2.8012717
0.51880926
2.6140702
1.5358119
2.2835207
0.6581011
3.86046
0.3322011
1.0063897
0.22172076
1.1230127
1.5721043
1.5110927
2.4448264
1.9932806
2.5027049
0.4957297
0.3550922
1.5590603
2.3012278
0.49179026
0.6789542
1.2826574
0.45562762
0.57199895
2.1144867
1.8504571
0.853195
2.2320902
2.579288
2.251137
2.2335546
0.5821344
0.59755206
0.87609625
0.76810426
0.97721
2.2193074
0.8417274
2.4561317
2.4295084
2.2294564
2.3587673
0.009073412
2.4006598
0.7425939
2.409397
2.234372
