0.0
0.0
0.16668727
0.04254834
0.0
0.0261648
0.06242775
0.0
0.069601335
0.22430964
0.0
0.08730145
0.0
0.43105516
0.0
0.042869683
0.0
0.0
0.0
0.17915252
0.018755997
0.03788683
0.0
0.0
0.13825798
0.0
0.0
0.14868377
0.0
0.0
0.0
0.0
0.0
0.039525732
0.21891631
0.04354935
0.09084869
0.1586008
0.15108792
0.0
0.0
0.0
0.0
0.0
0.15576011
0.0
0.0
0.18599719
0.16118003
0.0
0.0
0.033892453
0.0
0.018222887
0.0
0.0
0.0
0.1208871
0.0777055
0.1965791
0.05399795
0.059761167
0.0
0.0
0.037459962
0.092245154
0.0
0.0899555
0.0
0.0
0.08640489
0.0
0.0
0.0
0.001479134
0.01008088
0.0
0.14024125
0.07289289
0.16398887
0.15099551
0.041029207
0.0
0.0
0.1990269
0.0
0.10928453
0.0
0.059825756
0.11929655
0.1629478
0.0
0.13615173
0.03873201
0.0
0.08960658
0.09324155
0.0
0.22068703
0.10048179
0.1331273
0.09467394
0.0
0.0
0.119591326
0.0
0.08299009
0.0
0.0
0.0
0.22938633
0.0
0.12881625
0.31069082
0.0
0.07906856
0.0
0.0
0.0
0.006224852
0.0
0.0
0.0
0.0009150803
0.0
0.08925622
0.122714095
0.0
0.33042353
0.0
0.11191273
0.2333602
0.09248232
0.0
0.033131003
0.0
0.04009535
0.010818498
0.21274197
0.22109856
0.10970737
0.14890015
0.0480619
0.05095157
0.15463129
0.17262407
0.0
0.015608173
0.0
0.14111184
0.0
0.0
0.13836958
0.0
0.17647766
0.0
0.0
0.0
0.0
0.18807232
0.20977728
0.0
0.0665097
0.12839237
0.0
0.24444324
0.0
0.0
0.0
0.06332639
0.006938385
0.0425512
0.0
0.04710687
0.17228815
0.0
0.014525013
0.0493052
0.0
0.0
0.0
0.0
0.0
0.0
0.28462636
0.01577921
0.010341633
0.06651261
0.27479887
0.0
0.09814812
0.13958894
0.044917114
0.07967417
0.16955021
0.0
0.0
0.0
0.029232375
0.0
0.20177044
0.056779105
0.32431754
0.16600703
0.0
0.09495884
0.121575445
0.24822266
0.114809975
0.062676884
0.018281326
0.2290499
0.0
0.12506838
0.03146653
0.04638467
0.08336225
0.0
0.13318197
0.13502084
0.0
0.1452714
0.032147963
0.18319267
0.0
0.0
0.0
0.14027092
0.0
0.0
0.0
0.0
0.10335828
0.0
0.0
0.0
0.0
0.22392386
0.013057289
0.14742781
0.0
0.0017673839
0.0
0.0
0.0
0.0
0.0
0.0
0.06023255
0.007641405
0.0
0.0
0.0
0.0
0.026566345
0.0
0.17989855
0.025997553
0.0
0.0
0.0
0.09055379
0.10450642
0.0
0.07123141
0.0
0.030682337
0.053713996
0.0269936
0.15262854
0.057413153
0.07972918
0.064869225
0.12684672
0.07718581
0.10108243
0.03240589
0.0
0.0
0.0821961
0.0
0.012954156
0.21392252
0.0
0.171974
0.01851337
0.07210577
0.0
0.0
0.17191495
0.0
0.114458606
0.10523943
0.13548036
0.06631101
0.0
0.0
0.15259945
0.0
0.3092941
0.0
0.0
0.0
0.0
0.02297323
0.0
0.113158524
0.0
0.0
0.0
0.0
0.0
0.0
0.0
0.17272824
0.0
0.07329755
0.033263177
0.09817663
0.0
0.05094055
0.0
0.03149334
0.0
0.1457041
0.09768978
0.01586561
0.0
0.06336375
0.1171501
0.11035018
0.2565112
0.0
0.0
0.0
0.0
0.0
0.0152851995
0.06442681
0.07865028
0.0
0.04136748
0.15817843
0.026973318
0.26700687
0.0
0.0
0.023499187
0.0
0.10575015
0.0
0.09293559
0.045804184
0.0
0.028652534
0.0
0.0
0.0
0.068599895
0.0
0.0
0.0
0.10619102
0.044174172
0.016020134
0.0
0.0
0.03203265
0.045075554
0.0
0.0
0.07064991
0.0
0.07190234
0.014839185
0.0
0.0
0.16169167
0.10518257
0.06023951
0.0073762815
0.0
0.19630241
0.0
0.05562796
0.0
0.28337622
0.022194298
0.0
0.0
0.17199479
0.0
0.0
0.0
0.05284337
0.15558794
0.0
0.0
0.03271766
0.2000517
0.0
0.05802252
0.016640833
0.0
0.24944751
0.0
0.0
0.0
0.19390535
0.048422143
0.0
0.10846532
0.0
0.18188809
0.0
0.12943
0.20154552
0.0
0.0
0.0
0.0
0.0
0.08756209
0.0
0.2334009
0.0
0.16278654
0.0
0.19982377
0.10214403
0.23118222
0.0
0.0
0.0021122424
0.31173393
0.0
0.15093142
0.015302601
0.0
0.002110485
0.0
0.16713943
0.18582375
0.10187824
0.06875665
0.0
0.0
0.023720013
0.07899992
0.027076814
0.0
0.06036238
0.07479328
0.0
0.0
0.0
0.014672854
0.0
0.0
0.0
0.045011096
0.0
0.0
0.046104077
0.09286143
0.0045356834
0.0
0.0
0.024217114
0.0
0.11373452
0.059219085
0.0
0.10458642
0.0
0.0
0.048933357
0.0045298096
0.0
0.0
0.0
0.04186638
0.018994208
0.004193688
0.007554967
0.0
0.015086275
0.0
0.0016530864
0.050946686
0.0
0.0
0.07440461
0.0
0.03715846
0.0
0.16775206
0.039799634
0.0546491
0.0
0.0
0.0
0.0
0.0
0.0
0.0
0.0
0.0
0.01888638
0.0
0.0
0.0
0.10598712
0.07054231
0.07236525
0.09447148
0.0
0.0
0.0
0.1308254
0.0
0.24801496
0.0
0.0
0.018253531
0.0
0.23428804
0.0
0.0
0.10126116
0.015192639
0.0
0.07845736
0.0
0.0
0.049285933
0.0
0.0
0.0
0.0
0.0
0.2281986
0.0
0.0
0.08076794
0.14006051
0.13214439
0.16678597
0.016228788
0.15371847
0.0
0.12442252
0.0
0.0
0.17742154
0.06350071
0.14201804
0.0
0.0
0.0
0.12324263
0.0
0.17182586
0.16432574
0.15574245
0.17961265
0.010050087
0.123596616
0.0
0.0
0.0
0.07386244
0.071354836
0.0
0.0
0.015604649
0.0
0.045058295
0.061327368
0.0
0.0
0.15674578
0.0
0.13175353
0.0
0.0
0.0
0.055768088
0.0
0.0
0.0038403198
0.35018393
0.0989321
0.12021776
0.016592111
0.0
0.03467378
0.03368962
0.0
0.06399632
