0.0
0.0
0.16451728
0.041749936
0.0
0.023335773
0.063119985
0.0
0.06914472
0.22506171
0.0
0.08588536
0.0
0.428725
0.0
0.04243865
0.0
0.0
0.0
0.17896815
0.01867428
0.040120795
0.00042246468
0.0
0.13812089
0.0
0.0
0.14824772
0.0
0.0
0.0
0.0
0.0
0.03898972
0.2191161
0.045368165
0.090929225
0.1573247
0.15075403
0.0
0.0
0.0
0.0
0.0
0.15507062
0.0
0.0
0.18288168
0.16130619
0.0
0.0
0.034643143
0.0
0.019897588
0.0
0.0
0.0
0.121963955
0.07859531
0.19555932
0.052187003
0.062872276
0.0
0.0
0.037814427
0.092102945
0.0
0.08953291
0.0
0.0
0.088225916
0.0
0.0
0.0
7.457286e-05
0.009780978
0.0
0.14016795
0.073501796
0.16334955
0.15026772
0.041470446
0.0
0.0
0.19646509
0.0
0.11204257
0.0
0.05884714
0.11932109
0.16265965
0.0
0.1387773
0.040190548
0.0016639214
0.09004249
0.09336864
0.0
0.22130163
0.09994048
0.13331366
0.09413595
0.0
0.0
0.11856196
0.0
0.08166959
0.0
0.0
0.0
0.22917147
0.0
0.1295037
0.3111133
0.0
0.079948306
0.0
0.0
0.0
0.0042810533
0.0
0.0
0.0
0.0023072716
0.0
0.09066766
0.12243012
0.0
0.3314144
0.0
0.11350447
0.2334123
0.09487417
0.0
0.03173581
0.0
0.040793806
0.012083308
0.21220466
0.2204463
0.11017131
0.1490438
0.048175707
0.04970052
0.15614244
0.17385618
0.0
0.015552779
0.0
0.14038923
0.0
0.0
0.13836093
0.0
0.17613535
0.0
0.0
0.0
0.0
0.18492913
0.21026957
0.0
0.06374973
0.12969697
0.0
0.24649394
0.0
0.0
0.0
0.066126674
0.005750429
0.043493852
0.0
0.047698423
0.17093927
0.0
0.014273584
0.048713636
0.0
0.0
0.0
0.0
0.0
0.0
0.28329182
0.017320473
0.010142323
0.06532801
0.27344713
0.0
0.09771458
0.13971159
0.04543388
0.080225155
0.17049775
0.0
0.0
0.0
0.027391262
0.0
0.2015202
0.05680359
0.32341763
0.16471216
0.0
0.096164204
0.12224309
0.24798869
0.11491905
0.062430218
0.018307285
0.22758584
0.0
0.12614092
0.031422883
0.0469419
0.08131635
0.0
0.1348671
0.13432655
0.0
0.14459439
0.031947274
0.18381988
0.0
0.0
0.0
0.14075121
0.0
0.0
0.0
0.0
0.10212396
0.0
0.0
0.0
0.0
0.22519073
0.011413707
0.14659017
0.0
6.856583e-05
0.0
0.0
0.0
0.0
0.0
0.0
0.05986825
0.007951707
0.0
0.0
0.0
0.0
0.026149863
0.0
0.17913403
0.026141163
0.0
0.0
0.0
0.08836384
0.10491158
0.0
0.07052878
0.0
0.030793814
0.05465614
0.02636859
0.15299232
0.056917753
0.08014195
0.06509264
0.12625238
0.07753671
0.10353837
0.03355196
0.0
0.0
0.0812802
0.0
0.013404514
0.21543746
0.0
0.17175621
0.017143441
0.07219392
0.0
0.0
0.17231922
0.0
0.115096405
0.10410843
0.1351464
0.065276794
0.0
0.0
0.15281695
0.0
0.31002453
0.0
0.0
0.0
0.0
0.022361973
0.0
0.11412914
0.0
0.0
0.0
0.0
0.0
0.0
0.0
0.1730284
0.0
0.07430572
0.032841537
0.097335674
0.0
0.050871115
0.0
0.03267834
0.0
0.14560731
0.09808973
0.017076245
0.0
0.065094195
0.11664182
0.11181072
0.25587222
0.0
0.0
0.0
0.0
0.0
0.014253624
0.06246952
0.078442365
0.0
0.04122731
0.1565775
0.028481841
0.26842865
0.0
0.0
0.022545509
0.0
0.10647183
0.0
0.09220647
0.046108484
0.0
0.030408777
0.0
0.0
0.0
0.068442225
0.0
0.0
0.0
0.10774399
0.043557905
0.017800841
0.0
0.0
0.0323142
0.043793064
0.0
0.0
0.071294345
0.0
0.07230319
0.014740078
0.0
0.0
0.16138455
0.10592092
0.061269376
0.0053476635
0.0
0.19580266
0.0
0.055510968
0.0
0.28427303
0.021695178
0.0
0.0
0.17181332
0.0
0.0
0.0
0.05270659
0.15642951
0.0
0.0
0.03301745
0.20082831
0.0
0.05616575
0.015335007
0.0
0.24918954
0.0
0.0
0.0
0.1932032
0.048934523
0.0
0.10899756
0.0
0.18004435
0.0
0.13039567
0.20296738
0.0
0.0
0.0
0.0
0.0
0.08506138
0.0
0.23277718
0.0
0.16183536
0.0
0.1992794
0.10193479
0.23129033
0.0
0.0
0.0018148692
0.31147686
0.0
0.150409
0.015642362
0.0
0.0034314292
0.0
0.1677908
0.1856414
0.099220805
0.0686525
0.0
0.0
0.022003006
0.079509296
0.030065501
0.0
0.0599941
0.07355986
0.0
0.0
0.0
0.014313524
0.0
0.0
0.0
0.04510803
0.0
0.0
0.046639066
0.09263483
0.0057619354
0.0
0.0
0.025845364
0.0
0.112476915
0.060118828
0.0
0.10397942
0.0
0.0
0.048517592
0.0063294936
0.0
0.0
0.0
0.041208602
0.018929536
0.0056639165
0.007269766
0.0
0.014544098
0.0
0.0
0.051403016
0.0
0.0
0.07566004
0.0
0.035660136
0.0
0.16782284
0.037151627
0.05529172
0.0
0.0
0.0
0.0
0.0
0.0
0.0
0.0
0.0
0.019342942
0.0
0.0
0.0
0.103406906
0.06903362
0.07282597
0.09622796
0.0
0.0
0.0
0.1288693
0.0
0.24892384
0.0
0.0
0.019904755
0.0
0.23533773
0.0
0.0
0.09986213
0.013029113
0.0
0.07744576
0.0
0.0
0.04845404
0.0
0.0
0.0
0.0
0.0
0.22879441
0.0
0.0
0.080147184
0.13798876
0.13031429
0.1668166
0.015009811
0.15578628
0.0
0.12352903
0.0
0.0
0.17723565
0.064215995
0.14366806
0.0
0.0
0.0
0.12314986
0.0
0.17018509
0.1645743
0.15585577
0.17891653
0.011947443
0.12305343
0.0
0.0
0.0
0.07337043
0.07169499
0.0
0.0
0.015861498
0.0
0.04621893
0.059496976
0.0
0.0
0.1570481
0.0
0.13258745
0.0
0.0
0.0
0.0560267
0.0
0.0
0.0058534387
0.35077846
0.09929935
0.11971463
0.015342141
0.0
0.037232827
0.03426719
0.0
0.06381545
