0.0
0.0
0.1661086
0.041613135
0.0
0.023977997
0.063549675
0.0
0.06834031
0.2248426
0.0
0.08530079
0.0
0.42850813
0.0
0.041283835
0.0
0.0
0.0
0.18065046
0.019316643
0.040800914
0.0016979165
0.0
0.13714267
0.0
0.0
0.14906704
0.0
0.0
0.0
0.0
0.0
0.039148968
0.21947668
0.045826055
0.0897122
0.15725195
0.15266842
0.0
0.0
0.0
0.0
0.0
0.15503782
0.0
0.0
0.18198995
0.16148332
0.0
0.0
0.03503749
0.0
0.019844526
0.0
0.0
0.0
0.12289531
0.07923193
0.19526024
0.054182023
0.06334601
0.0
0.0
0.038682222
0.092354
0.0
0.089293726
0.0
0.0
0.08854202
0.0
0.0
0.0
0.00023904443
0.010003615
0.0
0.13998684
0.073167495
0.16411409
0.1493211
0.041766133
0.0
0.0
0.19713275
0.0
0.11184235
0.0
0.059523005
0.117848955
0.16276675
0.0
0.13768795
0.040680405
0.0008837795
0.08856112
0.09380439
0.0
0.22135107
0.100188136
0.13322698
0.09386498
0.0
0.0
0.1180928
0.0
0.08165097
0.0
0.0
0.0
0.22804537
0.0
0.13107821
0.3110147
0.0
0.07976506
0.0
0.0
0.0
0.004759254
0.0
0.0
0.0
0.0024155024
0.0
0.091386065
0.12257641
0.0
0.33147788
0.0
0.112489924
0.23312606
0.095581636
0.0
0.032106686
0.0
0.04075956
0.012788058
0.21163134
0.22076908
0.1099225
0.14939293
0.048801325
0.05040107
0.15471686
0.17390844
0.0
0.015338682
0.0
0.1400038
0.0
0.0
0.13848425
0.0
0.1765686
0.0
0.0
0.0
0.0
0.18484437
0.20935115
0.0
0.06426296
0.12906846
0.0
0.24666843
0.0
0.0
0.0
0.065346144
0.0067559476
0.043940473
0.0
0.047069058
0.17150018
0.0
0.014776831
0.049000368
0.0
0.0
0.0
0.0
0.0
0.0
0.28333512
0.017312244
0.009705173
0.06511146
0.2726529
0.0
0.097205296
0.13905194
0.045962323
0.079917625
0.17069238
0.0
0.0
0.0
0.02751034
0.0
0.20192003
0.05717468
0.32329693
0.1643228
0.0
0.095489316
0.12208746
0.24831909
0.11471868
0.06138519
0.018353455
0.22777583
0.0
0.12576866
0.031320788
0.04637448
0.0803483
0.0
0.13317133
0.13393746
0.0
0.14498389
0.031471774
0.18480024
0.0
0.0
0.0
0.14081071
0.0
0.0
0.0
0.0
0.102080196
0.0
0.0
0.0
0.0
0.22480485
0.011161807
0.14708349
0.0
0.0008018492
0.0
0.0
0.0
0.0
0.0
0.0
0.060788926
0.006979564
0.0
0.0
0.0
0.0
0.025787655
0.0
0.17889223
0.025234982
0.0
0.0
0.0
0.089125775
0.105076134
0.0
0.07113518
0.0
0.030732566
0.053822324
0.027400691
0.15386921
0.055886775
0.079669334
0.06506529
0.12588246
0.07861571
0.1028377
0.03377275
0.0
0.0
0.08008521
0.0
0.013244096
0.21501349
0.0
0.17164643
0.018010816
0.07238877
0.0
0.0
0.17312555
0.0
0.11365611
0.10438908
0.13481092
0.06509162
0.0
0.0
0.15276776
0.0
0.3101802
0.0
0.0
0.0
0.0
0.022458317
0.0
0.114787154
0.0
0.0
0.0
0.0
0.0
0.0
0.0
0.17140466
0.0
0.0745439
0.033888716
0.097509265
0.0
0.05035951
0.0
0.03175568
0.0
0.14445758
0.09915695
0.0178161
0.0
0.06373063
0.1170177
0.11179603
0.2559015
0.0
0.0
0.0
0.0
0.0
0.0152171645
0.06296637
0.07913662
0.0
0.040041424
0.15700322
0.027905684
0.2686699
0.0
0.0
0.023362016
0.0
0.10553614
0.0
0.09133011
0.04540924
0.0
0.030664187
0.0
0.0
0.0
0.06763062
0.0
0.0
0.0
0.108213246
0.0424307
0.016917067
0.0
0.0
0.032872964
0.044654682
0.0
0.0
0.07140105
0.0
0.07223996
0.015094299
0.0
0.0
0.16163912
0.10500424
0.0609897
0.00548815
0.0
0.19616964
0.0
0.05399768
0.0
0.2832358
0.022267971
0.0
0.0
0.17155895
0.0
0.0
0.0
0.053407006
0.15648772
0.0
0.0
0.033444803
0.2011656
0.0
0.05716605
0.015741292
0.0
0.24918644
0.0
0.0
0.0
0.19440906
0.04879578
0.0
0.1099449
0.0
0.18043742
0.0
0.12882532
0.20218956
0.0
0.0
0.0
0.0
0.0
0.0846403
0.0
0.2324659
0.0
0.16058113
0.0
0.19853127
0.1018615
0.23254153
0.0
0.0
0.0024676062
0.31066024
0.0
0.1513955
0.015307108
0.0
0.0031373585
0.0
0.16764869
0.18507025
0.100347064
0.06954691
0.0
0.0
0.023031201
0.07858122
0.029482171
0.0
0.0593032
0.07351488
0.0
0.0
0.0
0.013712294
0.0
0.0
0.0
0.045244724
0.0
0.0
0.046614673
0.091701016
0.0058670966
0.0
0.0
0.025888745
0.0
0.11186643
0.058551133
0.0
0.10390581
0.0
0.0
0.047723264
0.0066182427
0.0
0.0
0.0
0.041247807
0.018487677
0.0046070777
0.00691431
0.0
0.013400471
0.0
0.0
0.05140368
0.0
0.0
0.075075194
0.0
0.03542248
0.0
0.1677474
0.03636032
0.055924375
0.0
0.0
0.0
0.0
0.0
0.0
0.0
0.0
0.0
0.019084817
0.0
0.0
0.0
0.102728575
0.07014086
0.072254226
0.09697843
0.0
0.0
0.0
0.12812224
0.0
0.24984345
0.0
0.0
0.018656317
0.0
0.23514149
0.0
0.0
0.09918134
0.014388429
0.0
0.07746556
0.0
0.0
0.047810383
0.0
0.0
0.0
0.0
0.0
0.22813718
0.0
0.0
0.0808468
0.13858002
0.13106707
0.16625127
0.014371825
0.15528478
0.0
0.12312426
0.0
0.0
0.17733505
0.06460896
0.14356479
0.0
0.0
0.0
0.12315778
0.0
0.16978486
0.16364096
0.1561075
0.17947458
0.013167882
0.12222085
0.0
0.0
0.0
0.07323873
0.070452295
0.0
0.0
0.016938351
0.0
0.046193868
0.060084283
0.0
0.0
0.15685938
0.0
0.13320027
0.0
0.0
0.0
0.05498665
0.0
0.0
0.0071187215
0.35023892
0.09891394
0.12031059
0.016217176
0.0
0.037713494
0.035532393
0.0
0.06416184
