0.0
0.0
0.16805089
0.040860653
0.0
0.024250306
0.06385384
0.0
0.067243904
0.22482727
0.0
0.08423081
0.0
0.42816168
0.0
0.03972903
0.0
0.0
0.0
0.18264396
0.019926071
0.04198157
0.0031420966
0.0
0.13596486
0.0
0.0
0.15027209
0.0
0.0
0.0
0.0
0.0
0.03902252
0.22000408
0.046631187
0.088421695
0.15700208
0.1545743
0.0
0.0
0.0
0.0
0.0
0.15496966
0.0
0.0
0.1806774
0.16200496
0.0
0.0
0.035937514
0.0
0.020240627
0.0
0.0
0.0
0.12398645
0.0803193
0.19471343
0.056278527
0.06426909
0.0
0.0
0.03912846
0.09274224
0.0
0.0885471
0.0
0.0
0.08929398
0.0
0.0
0.0
0.00027037226
0.010137549
0.0
0.13972518
0.07303247
0.16500463
0.14851175
0.04216647
0.0
0.0
0.19832605
0.0
0.111818194
0.0
0.059729602
0.115984745
0.16256034
0.0
0.13683665
0.041268192
0.000231619
0.08664061
0.09411399
0.0
0.2214808
0.10052555
0.13325228
0.09360411
0.0
0.0
0.11710381
0.0
0.081314065
0.0
0.0
0.0
0.22640477
0.0
0.132873
0.31050724
0.0
0.07968838
0.0
0.0
0.0
0.0050311945
0.0
0.0
0.0
0.0029575378
0.0
0.092538804
0.12249986
0.0
0.33187914
0.0
0.11172417
0.23265116
0.09657616
0.0
0.031749316
0.0
0.041148826
0.014269056
0.2107375
0.22106239
0.10991714
0.14982346
0.04900624
0.05118502
0.15355769
0.1742328
0.0
0.015391532
0.0
0.13978668
0.0
0.0
0.13838074
0.0
0.17717746
0.0
0.0
0.0
0.0
0.18449445
0.20847869
0.0
0.06405574
0.1281186
0.0
0.24716389
0.0
0.0
0.0
0.06509979
0.007439455
0.044735268
0.0
0.04652852
0.17188431
0.0
0.015377239
0.04924284
0.0
0.0
0.0
0.0
0.0
0.0
0.2829202
0.017744092
0.008834114
0.06401878
0.2712901
0.0
0.09691269
0.13847008
0.046925772
0.079714105
0.17098132
0.0
0.0
0.0
0.027451282
0.0
0.20225304
0.057891045
0.32279748
0.16407275
0.0
0.09452467
0.12173408
0.24885821
0.11456389
0.06015995
0.018680688
0.22783571
0.0
0.12563296
0.031410947
0.045351252
0.07931836
0.0
0.13146628
0.1335066
0.0
0.14541745
0.030611444
0.1857626
0.0
0.0
0.0
0.14150144
0.0
0.0
0.0
0.0
0.10219277
0.0
0.0
0.0
0.0
0.2244258
0.011304301
0.14763987
0.0
0.0015010489
0.0
0.0
0.0
0.0
0.0
0.0
0.06154528
0.0057963803
0.0
0.0
0.0
0.0
0.024999293
0.0
0.1785118
0.024326773
0.0
0.0
0.0
0.08975004
0.10516243
0.0
0.07185975
0.0
0.030550048
0.052929837
0.028354874
0.15480754
0.05509419
0.07912785
0.06505573
0.12489786
0.079753466
0.10260199
0.03407964
0.0
0.0
0.078905284
0.0
0.013452176
0.21422443
0.0
0.17118599
0.018622048
0.07243247
0.0
0.0
0.17413351
0.0
0.11244127
0.1045742
0.13437423
0.06516067
0.0
0.0
0.15284705
0.0
0.31040883
0.0
0.0
0.0
0.0
0.02266489
0.0
0.115804955
0.0
0.0
0.0
0.0
0.0
0.0
0.0
0.17011043
0.0
0.07488555
0.035250828
0.09734382
0.0
0.04982076
0.0
0.03084676
0.0
0.14311548
0.10000313
0.018540569
0.0
0.062312175
0.11734747
0.11136703
0.25609526
0.0
0.0
0.0
0.0
0.0
0.016024496
0.063210934
0.07983453
0.0
0.038713083
0.15739778
0.027297795
0.26891685
0.0
0.0
0.023895726
0.0
0.10467842
0.0
0.09016502
0.044559807
0.0
0.031110767
0.0
0.0
0.0
0.066548824
0.0
0.0
0.0
0.1094524
0.04115051
0.016241675
0.0
0.0
0.03360954
0.045329068
0.0
0.0
0.07164802
0.0
0.07225708
0.015180416
0.0
0.0
0.16212805
0.1038625
0.06076553
0.0056439647
0.0
0.19658105
0.0
0.052378517
0.0
0.2817988
0.022833833
0.0
0.0
0.17128944
0.0
0.0
0.0
0.054009177
0.15677609
0.0
0.0
0.03422743
0.20153907
0.0
0.05790129
0.015441056
0.0
0.24941508
0.0
0.0
0.00118485
0.19575402
0.04837952
0.0
0.111326836
0.0
0.18052596
0.0
0.12679432
0.20173754
0.0
0.0
0.0
0.0
0.0
0.08382985
0.0
0.2319231
0.0
0.15930831
0.0
0.19712634
0.10218836
0.2337088
0.0
0.0
0.0030138223
0.30970222
0.0
0.15194729
0.014515023
0.0
0.002616087
0.0
0.16746603
0.18462864
0.10112783
0.07047922
0.0
0.0
0.024031445
0.07780512
0.029572241
0.0
0.0585245
0.07333985
0.0
0.0
0.0
0.013257594
0.0
0.0
0.0
0.045154504
0.0
0.0
0.047120728
0.09084593
0.006022717
0.0
0.0
0.025959022
0.0
0.11081847
0.05714014
0.0
0.10410138
0.0
0.0
0.046650328
0.0069978945
0.0
0.0
0.0
0.041423917
0.01767743
0.0035166703
0.006694449
0.0
0.011967647
0.0
0.0
0.05108106
0.0
0.0
0.07487463
0.0
0.034785792
0.0
0.16713673
0.035250187
0.056776557
0.0
0.0
0.0
0.0
0.0
0.0
0.0
0.0
0.0
0.018908493
0.0
0.0
0.0
0.101178154
0.071056195
0.07218747
0.097875044
0.0
0.0
0.0
0.12698855
0.0
0.2508983
0.0
0.0
0.017458083
0.0
0.23548
0.0
0.0
0.097756356
0.015645169
0.0
0.077253796
0.0
0.0
0.04650183
0.0
0.0
0.0
0.0
0.0
0.22783035
0.0
0.0
0.081907764
0.13919824
0.13154845
0.16557105
0.013314743
0.15474202
0.0
0.1227555
0.0
0.0
0.177645
0.06497805
0.14321436
0.0
0.0
0.0
0.12392783
0.0
0.16874029
0.1621955
0.15650155
0.18030769
0.01513708
0.12099005
0.0
0.0
0.0
0.072866574
0.06875645
0.0
0.0
0.018020784
0.0
0.046738297
0.060670696
0.0
0.0
0.15609686
0.0
0.13430826
0.0
0.0
0.0
0.053589623
0.0
0.0
0.008828667
0.34929797
0.098505944
0.12065175
0.017318487
0.0
0.038199097
0.03707903
0.0
0.06457636
