0.0
0.0
0.16624309
0.042957544
0.0
0.025890082
0.06260868
0.0
0.06963649
0.22441126
0.0
0.0874712
0.0
0.4305665
0.0
0.04371249
0.0
0.0
0.0
0.1788344
0.018769223
0.038536113
0.0
0.0
0.13812198
0.0
0.0
0.14818631
0.0
0.0
0.0
0.0
0.0
0.039636295
0.21930407
0.043581985
0.090183094
0.15857752
0.15133913
0.0
0.0
0.0
0.0
0.0
0.15563771
0.0
0.0
0.1850756
0.16079837
0.0
0.0
0.033644386
0.0
0.018088046
0.0
0.0
0.0
0.12103383
0.07758425
0.19626518
0.053548057
0.05991642
0.0
0.0
0.038122967
0.092045784
0.0
0.09004455
0.0
0.0
0.08649632
0.0
0.0
0.0
0.001322139
0.010140704
0.0
0.14037918
0.072735235
0.16360554
0.15047343
0.04092069
0.0
0.0
0.19826175
0.0
0.109877616
0.0
0.060150426
0.11924699
0.1628961
0.0
0.13692352
0.038931392
0.0
0.0897386
0.09304966
0.0
0.2209315
0.100055195
0.1331269
0.094755486
0.0
0.0
0.11949047
0.0
0.08275431
0.0
0.0
0.0
0.2298301
0.0
0.12913048
0.31115648
0.0
0.0791509
0.0
0.0
0.0
0.0062909815
0.0
0.0
0.0
0.00093821064
0.0
0.08943797
0.122917295
0.0
0.3307103
0.0
0.112551585
0.23375452
0.09275479
0.0
0.033034667
0.0
0.03920812
0.010618968
0.21279033
0.22082943
0.11001372
0.14908236
0.048333477
0.050885506
0.1541972
0.17241947
0.0
0.0152688455
0.0
0.14083229
0.0
0.0
0.13864432
0.0
0.17650017
0.0
0.0
0.0
0.0
0.18795212
0.20931324
0.0
0.06615532
0.12887952
0.0
0.2444734
0.0
0.0
0.0
0.06365998
0.006829508
0.042688284
0.0
0.04741671
0.172572
0.0
0.014628699
0.04922223
0.0
0.0
0.0
0.0
0.0
0.0
0.28539884
0.015878022
0.010650876
0.06690788
0.27523178
0.0
0.09787897
0.13933621
0.04433151
0.07922387
0.1694359
0.0
0.0
0.0
0.028871281
0.0
0.20173916
0.05643373
0.3240427
0.16524488
0.0
0.095477045
0.12212663
0.24789682
0.11494965
0.06265616
0.018200029
0.22886026
0.0
0.12496975
0.031190867
0.047009367
0.08290358
0.0
0.13346812
0.1350303
0.0
0.14515336
0.032473974
0.18315056
0.0
0.0
0.0
0.14026085
0.0
0.0
0.0
0.0
0.102837786
0.0
0.0
0.0
0.0
0.22444284
0.01218337
0.14766946
0.0
0.0010248041
0.0
0.0
0.0
0.0
0.0
0.0
0.06026911
0.0077128764
0.0
0.0
0.0
0.0
0.026313616
0.0
0.17985286
0.026157578
0.0
0.0
0.0
0.08993052
0.10496073
0.0
0.07132096
0.0
0.030691924
0.0538297
0.027501686
0.15250932
0.056861
0.07982399
0.06509146
0.12735976
0.07753061
0.10124455
0.033155773
0.0
0.0
0.08240846
0.0
0.012759414
0.21417339
0.0
0.17250903
0.018151747
0.072433226
0.0
0.0
0.17197838
0.0
0.11413439
0.10538401
0.13519412
0.06573625
0.0
0.0
0.15263797
0.0
0.30970976
0.0
0.0
0.0
0.0
0.022666823
0.0
0.11339532
0.0
0.0
0.0
0.0
0.0
0.0
0.0
0.17273644
0.0
0.073551655
0.0328672
0.097851515
0.0
0.05074409
0.0
0.03154026
0.0
0.14545868
0.09797732
0.01613769
0.0
0.06345456
0.117230944
0.110934705
0.2565502
0.0
0.0
0.0
0.0
0.0
0.015456602
0.064330526
0.077956945
0.0
0.04165919
0.15779738
0.027725868
0.26748845
0.0
0.0
0.023549523
0.0
0.10589436
0.0
0.09269385
0.04594529
0.0
0.028938089
0.0
0.0
0.0
0.06864001
0.0
0.0
0.0
0.10568454
0.044294678
0.016490316
0.0
0.0
0.031634964
0.045073964
0.0
0.0
0.07070743
0.0
0.07165746
0.014812521
0.0
0.0
0.16090435
0.10554143
0.06041155
0.0066774013
0.0
0.19597885
0.0
0.05549576
0.0
0.28434026
0.021539425
0.0
0.0
0.17168602
0.0
0.0
0.0
0.05270547
0.15612228
0.0
0.0
0.03252037
0.20039089
0.0
0.0578133
0.01702312
0.0
0.24914135
0.0
0.0
0.0
0.19343089
0.048626415
0.0
0.10827392
0.0
0.18134424
0.0
0.12996636
0.2016181
0.0
0.0
0.0
0.0
0.0
0.08682586
0.0
0.2335001
0.0
0.16303459
0.0
0.20038559
0.10170842
0.23167221
0.0
0.0
0.0024996605
0.311471
0.0
0.15162568
0.01561868
0.0
0.0024241824
0.0
0.16741155
0.18579638
0.10161772
0.06903542
0.0
0.0
0.023217034
0.07904655
0.027160954
0.0
0.06046416
0.074828915
0.0
0.0
0.0
0.014235634
0.0
0.0
0.0
0.045511104
0.0
0.0
0.046065778
0.09274928
0.004972943
0.0
0.0
0.024440935
0.0
0.11393182
0.059245355
0.0
0.10427728
0.0
0.0
0.048702527
0.004915974
0.0
0.0
0.0
0.041472867
0.019097596
0.0046414845
0.00768915
0.0
0.015121078
0.0
0.00137422
0.051192977
0.0
0.0
0.07452018
0.0
0.037123974
0.0
0.16779259
0.039505422
0.054669544
0.0
0.0
0.0
0.0
0.0
0.0
0.0
0.0
0.0
0.01914738
0.0
0.0
0.0
0.10608387
0.070593424
0.07248746
0.09503269
0.0
0.0
0.0
0.13052215
0.0
0.24825625
0.0
0.0
0.01852278
0.0
0.23394364
0.0
0.0
0.101576336
0.014868192
0.0
0.07881194
0.0
0.0
0.049817376
0.0
0.0
0.0
0.0
0.0
0.22764751
0.0
0.0
0.07986669
0.1394823
0.13230655
0.1669924
0.016238257
0.15383664
0.0
0.124420345
0.0
0.0
0.17771704
0.06352337
0.14220752
0.0
0.0
0.0
0.12254644
0.0
0.17161031
0.164703
0.1556108
0.1791928
0.010419765
0.12385414
0.0
0.0
0.0
0.074068576
0.071346484
0.0
0.0
0.015518462
0.0
0.045372017
0.061080046
0.0
0.0
0.15749708
0.0
0.13182276
0.0
0.0
0.0
0.05649304
0.0
0.0
0.0041109077
0.35008532
0.098971404
0.1204338
0.015875414
0.0
0.035155725
0.033615552
0.0
0.06437868
