0.0
0.0
0.16682984
0.041904952
0.0
0.024841111
0.06333334
0.0
0.06842253
0.22463194
0.0
0.0856872
0.0
0.42931083
0.0
0.041327097
0.0
0.0
0.0
0.18078078
0.019340454
0.04007414
0.0014097542
0.0
0.13714686
0.0
0.0
0.14926547
0.0
0.0
0.0
0.0
0.0
0.039312944
0.21946222
0.04519248
0.089549415
0.15762292
0.1528569
0.0
0.0
0.0
0.0
0.0
0.1553046
0.0
0.0
0.18291022
0.16149619
0.0
0.0
0.034823157
0.0
0.01925448
0.0
0.0
0.0
0.12255084
0.07894478
0.19555137
0.054933846
0.062344164
0.0
0.0
0.038612682
0.09241321
0.0
0.089310616
0.0
0.0
0.0879611
0.0
0.0
0.0
0.00073783845
0.010153412
0.0
0.14000091
0.07291598
0.16440445
0.14949177
0.041635167
0.0
0.0
0.19795993
0.0
0.11095756
0.0
0.05987898
0.11777928
0.16282775
0.0
0.13680851
0.040211912
0.00019673817
0.088360414
0.09379579
0.0
0.22109869
0.10038301
0.13307372
0.09399518
0.0
0.0
0.118418306
0.0
0.08204922
0.0
0.0
0.0
0.22809662
0.0
0.13094284
0.3108594
0.0
0.079488754
0.0
0.0
0.0
0.005431177
0.0
0.0
0.0
0.0019510128
0.0
0.09090992
0.1226963
0.0
0.33113405
0.0
0.111885265
0.23320127
0.09482878
0.0
0.032512788
0.0
0.040508106
0.012444875
0.21188216
0.22104341
0.10975355
0.14939739
0.048795808
0.05074448
0.15410922
0.17347322
0.0
0.015384462
0.0
0.14019805
0.0
0.0
0.13852929
0.0
0.17669766
0.0
0.0
0.0
0.0
0.18590108
0.20912637
0.0
0.06513187
0.12853499
0.0
0.24598533
0.0
0.0
0.0
0.064478725
0.0071831266
0.043633126
0.0
0.046871115
0.17197293
0.0
0.014881312
0.0491726
0.0
0.0
0.0
0.0
0.0
0.0
0.28375688
0.016874004
0.009773661
0.065432005
0.2730404
0.0
0.09730592
0.13907754
0.045808315
0.07973538
0.17032674
0.0
0.0
0.0
0.028109971
0.0
0.2019634
0.057172835
0.3235961
0.16470689
0.0
0.0950263
0.12191722
0.24849384
0.114653796
0.061386462
0.018340955
0.22823255
0.0
0.12536739
0.031327017
0.046208024
0.08102086
0.0
0.13255996
0.13410965
0.0
0.14526232
0.031503387
0.18468204
0.0
0.0
0.0
0.14068232
0.0
0.0
0.0
0.0
0.10248663
0.0
0.0
0.0
0.0
0.22435196
0.011714612
0.14736566
0.0
0.0013399618
0.0
0.0
0.0
0.0
0.0
0.0
0.06093064
0.006846331
0.0
0.0
0.0
0.0
0.025890393
0.0
0.17908645
0.025117364
0.0
0.0
0.0
0.08980053
0.10491088
0.0
0.07138289
0.0
0.030687757
0.053453505
0.027675008
0.153746
0.056069
0.07950574
0.06501518
0.1260401
0.078576356
0.10210157
0.033336077
0.0
0.0
0.080369666
0.0
0.013247658
0.21449175
0.0
0.17168316
0.01849382
0.07242146
0.0
0.0
0.17304638
0.0
0.11334667
0.10474323
0.13491592
0.06544945
0.0
0.0
0.152729
0.0
0.30996317
0.0
0.0
0.0
0.0
0.022629563
0.0
0.11447002
0.0
0.0
0.0
0.0
0.0
0.0
0.0
0.17126027
0.0
0.07421155
0.03405315
0.097770184
0.0
0.050403595
0.0
0.03135082
0.0
0.14450145
0.09908521
0.017456165
0.0
0.063027225
0.11727489
0.1113388
0.25619128
0.0
0.0
0.0
0.0
0.0
0.015589606
0.06361623
0.07921843
0.0
0.040064164
0.15759385
0.027415173
0.26821718
0.0
0.0
0.02372955
0.0
0.10533116
0.0
0.091493204
0.04523343
0.0
0.030165441
0.0
0.0
0.0
0.06757972
0.0
0.0
0.0
0.10781711
0.042540498
0.016330874
0.0
0.0
0.032739963
0.04506812
0.0
0.0
0.07123011
0.0
0.07207579
0.015141948
0.0
0.0
0.16180061
0.10478263
0.060624696
0.006095047
0.0
0.19634022
0.0
0.054089915
0.0
0.28296942
0.022454698
0.0
0.0
0.17164207
0.0
0.0
0.0
0.053460144
0.15620564
0.0
0.0
0.033355888
0.20092727
0.0
0.057852913
0.016222462
0.0
0.24929051
0.0
0.0
0.00027787127
0.1946845
0.04872979
0.0
0.10980845
0.0
0.18100941
0.0
0.12844546
0.20171565
0.0
0.0
0.0
0.0
0.0
0.085371785
0.0
0.2325911
0.0
0.1608262
0.0
0.1987313
0.101948254
0.23260693
0.0
0.0
0.0025611063
0.31075507
0.0
0.15170875
0.015198823
0.0
0.0026978292
0.0
0.16751069
0.18514566
0.10117632
0.06970002
0.0
0.0
0.023718096
0.07841704
0.028477948
0.0
0.059410654
0.07397358
0.0
0.0
0.0
0.013828855
0.0
0.0
0.0
0.045207232
0.0
0.0
0.046451118
0.09177387
0.0054299617
0.0
0.0
0.025352033
0.0
0.11226179
0.05816504
0.0
0.10409926
0.0
0.0
0.047845904
0.0060403626
0.0
0.0
0.0
0.041486256
0.018482627
0.0040879473
0.0070154145
0.0
0.013560131
0.0
0.00026383903
0.051263012
0.0
0.0
0.07467477
0.0
0.035844937
0.0
0.16781844
0.037174735
0.05573613
0.0
0.0
0.0
0.0
0.0
0.0
0.0
0.0
0.0
0.018965242
0.0
0.0
0.0
0.103581645
0.07057733
0.072102696
0.09649964
0.0
0.0
0.0
0.12874357
0.0
0.24968109
0.0
0.0
0.018169219
0.0
0.23485057
0.0
0.0
0.09961215
0.015169462
0.0
0.077750206
0.0
0.0
0.04791743
0.0
0.0
0.0
0.0
0.0
0.22796416
0.0
0.0
0.081144854
0.13934954
0.13176173
0.16617334
0.014785533
0.15463379
0.0
0.123384535
0.0
0.0
0.17743304
0.06431872
0.14309862
0.0
0.0
0.0
0.12315735
0.0
0.17031302
0.16352734
0.15612781
0.1797504
0.012628583
0.122340426
0.0
0.0
0.0
0.07334611
0.07026847
0.0
0.0
0.01684115
0.0
0.045844585
0.06070271
0.0
0.0
0.15676874
0.0
0.13300475
0.0
0.0
0.0
0.05487717
0.0
0.0
0.006521349
0.34996554
0.098774746
0.1205061
0.01660973
0.0
0.036938477
0.035383657
0.0
0.06426909
