0.0
0.0
0.16766365
0.041016087
0.0
0.024171188
0.06383123
0.0
0.06745727
0.2248578
0.0
0.08444004
0.0
0.4281874
0.0
0.040066414
0.0
0.0
0.0
0.18225677
0.019824203
0.04177659
0.0028767032
0.0
0.13617986
0.0
0.0
0.15002432
0.0
0.0
0.0
0.0
0.0
0.0390654
0.21991062
0.046461955
0.088619284
0.1570674
0.1542281
0.0
0.0
0.0
0.0
0.0
0.15498802
0.0
0.0
0.18087102
0.16189522
0.0
0.0
0.03574856
0.0
0.020149153
0.0
0.0
0.0
0.123765655
0.080123864
0.19478351
0.05587833
0.06410548
0.0
0.0
0.039096873
0.09268542
0.0
0.08869786
0.0
0.0
0.08916949
0.0
0.0
0.0
0.00023957156
0.010116893
0.0
0.13976654
0.07303727
0.16483596
0.14863145
0.04209187
0.0
0.0
0.19801651
0.0
0.11186892
0.0
0.05972079
0.11634189
0.16260059
0.0
0.137031
0.04116108
0.00035175588
0.087049
0.09407299
0.0
0.22147082
0.10043737
0.13325198
0.0936591
0.0
0.0
0.11730621
0.0
0.081390165
0.0
0.0
0.0
0.22673985
0.0
0.13254435
0.31062126
0.0
0.079712994
0.0
0.0
0.0
0.005000951
0.0
0.0
0.0
0.0028746547
0.0
0.09231695
0.12254075
0.0
0.33182353
0.0
0.111910716
0.23276994
0.0963874
0.0
0.03180298
0.0
0.04103321
0.013976692
0.21093595
0.22100349
0.10990194
0.14975156
0.048991363
0.051007397
0.15375516
0.1741547
0.0
0.015368929
0.0
0.13978669
0.0
0.0
0.13844338
0.0
0.17702927
0.0
0.0
0.0
0.0
0.18456909
0.2086245
0.0
0.06407719
0.12829359
0.0
0.24709098
0.0
0.0
0.0
0.06515432
0.007333052
0.04457624
0.0
0.046630297
0.17183591
0.0
0.015255889
0.04920897
0.0
0.0
0.0
0.0
0.0
0.0
0.283028
0.017681893
0.009032844
0.06423934
0.2715746
0.0
0.09698528
0.13859583
0.04671908
0.07973974
0.17093076
0.0
0.0
0.0
0.027459115
0.0
0.2022415
0.057722405
0.3228861
0.16410467
0.0
0.09475837
0.121830486
0.248729
0.11458409
0.0604012
0.018590404
0.22783244
0.0
0.12567827
0.031380463
0.045576066
0.07948888
0.0
0.13178605
0.1335784
0.0
0.14532559
0.030800018
0.18562485
0.0
0.0
0.0
0.14135894
0.0
0.0
0.0
0.0
0.10214497
0.0
0.0
0.0
0.0
0.22450995
0.011250319
0.14753038
0.0
0.0013386952
0.0
0.0
0.0
0.0
0.0
0.0
0.06139921
0.006031744
0.0
0.0
0.0
0.0
0.025127158
0.0
0.17856377
0.024482217
0.0
0.0
0.0
0.08958227
0.10514039
0.0
0.07171407
0.0
0.030596836
0.053110085
0.028187908
0.15463328
0.05523035
0.07924255
0.06505745
0.1251018
0.07958285
0.102666885
0.03402368
0.0
0.0
0.079146765
0.0
0.013431559
0.21440427
0.0
0.17131141
0.01848565
0.07244884
0.0
0.0
0.17396261
0.0
0.11263219
0.10456198
0.13443828
0.06510673
0.0
0.0
0.15282397
0.0
0.31037074
0.0
0.0
0.0
0.0
0.022614185
0.0
0.1156067
0.0
0.0
0.0
0.0
0.0
0.0
0.0
0.17035475
0.0
0.074839205
0.03497966
0.09737135
0.0
0.049917877
0.0
0.031066703
0.0
0.1433723
0.09987751
0.018395169
0.0
0.06257283
0.11728116
0.11148205
0.2560399
0.0
0.0
0.0
0.0
0.0
0.015871985
0.063155666
0.07967844
0.0
0.039002694
0.15727669
0.027463928
0.26891935
0.0
0.0
0.023768509
0.0
0.10486078
0.0
0.09035501
0.044724997
0.0
0.031026367
0.0
0.0
0.0
0.06674021
0.0
0.0
0.0
0.10920186
0.041386485
0.016379986
0.0
0.0
0.03344628
0.04518128
0.0
0.0
0.071609035
0.0
0.07225513
0.015171669
0.0
0.0
0.16198596
0.104091875
0.06082516
0.005561501
0.0
0.19647785
0.0
0.052693214
0.0
0.28210607
0.02268577
0.0
0.0
0.17132676
0.0
0.0
0.0
0.053892985
0.15673867
0.0
0.0
0.03406687
0.20148097
0.0
0.057769924
0.015517625
0.0
0.24935347
0.0
0.0
0.00091877393
0.19547519
0.04846272
0.0
0.11104974
0.0
0.18048607
0.0
0.12723133
0.20186687
0.0
0.0
0.0
0.0
0.0
0.08395703
0.0
0.23201501
0.0
0.15956408
0.0
0.19740064
0.102119364
0.23350538
0.0
0.0
0.0029239915
0.30988282
0.0
0.15188847
0.014684858
0.0
0.002742434
0.0
0.16753885
0.1847263
0.10096873
0.07032144
0.0
0.0
0.023821693
0.0779805
0.02956862
0.0
0.058654778
0.07339293
0.0
0.0
0.0
0.01332906
0.0
0.0
0.0
0.0452099
0.0
0.0
0.04702164
0.09101573
0.006013184
0.0
0.0
0.025967164
0.0
0.111033574
0.05741174
0.0
0.10405632
0.0
0.0
0.04684211
0.006970171
0.0
0.0
0.0
0.041369982
0.01784414
0.0037582517
0.0067288503
0.0
0.012258062
0.0
0.0
0.051157597
0.0
0.0
0.07490378
0.0
0.034905635
0.0
0.1672738
0.035423175
0.05661575
0.0
0.0
0.0
0.0
0.0
0.0
0.0
0.0
0.0
0.018924756
0.0
0.0
0.0
0.101483956
0.07086695
0.072175026
0.097739615
0.0
0.0
0.0
0.12721443
0.0
0.25071603
0.0
0.0
0.01770808
0.0
0.23539364
0.0
0.0
0.09807156
0.015365645
0.0
0.07730833
0.0
0.0
0.04677252
0.0
0.0
0.0
0.0
0.0
0.22787134
0.0
0.0
0.08166625
0.13903494
0.13147044
0.16570836
0.013514973
0.1548572
0.0
0.12285082
0.0
0.0
0.17758036
0.064899795
0.1433045
0.0
0.0
0.0
0.1237241
0.0
0.16895276
0.1624971
0.15648238
0.18014297
0.014768159
0.12120075
0.0
0.0
0.0
0.072908044
0.06908647
0.0
0.0
0.017808676
0.0
0.046631046
0.060538996
0.0
0.0
0.15628308
0.0
0.13410024
0.0
0.0
0.0
0.053905115
0.0
0.0
0.00849771
0.3494526
0.098573625
0.12059542
0.017077086
0.0
0.038146123
0.03678216
0.0
0.06452415
