0.0
0.0
0.16418149
0.043002795
0.0
0.02411848
0.06283509
0.0
0.06991262
0.224741
0.0
0.08687662
0.0
0.42991802
0.0
0.04332443
0.0
0.0
0.0
0.17802027
0.018467631
0.038842604
0.0
0.0
0.13876933
0.0
0.0
0.1477275
0.0
0.0
0.0
0.0
0.0
0.039357893
0.21898858
0.044175826
0.09126898
0.15772417
0.15029234
0.0
0.0
0.0
0.0
0.0
0.15541542
0.0
0.0
0.18440285
0.16093887
0.0
0.0
0.033778068
0.0
0.018680563
0.0
0.0
0.0
0.12122117
0.07743019
0.19606191
0.05186004
0.061183624
0.0
0.0
0.03791127
0.09182802
0.0
0.090035096
0.0
0.0
0.08717561
0.0
0.0
0.0
0.00060551055
0.009898196
0.0
0.14054951
0.07319839
0.16332558
0.15057702
0.040988743
0.0
0.0
0.19622129
0.0
0.11134337
0.0
0.059482176
0.120261304
0.16292234
0.0
0.138323
0.0394753
0.0011442928
0.09093595
0.09336661
0.0
0.22100005
0.09981266
0.13296522
0.09432918
0.0
0.0
0.11959517
0.0
0.08222856
0.0
0.0
0.0
0.23021655
0.0
0.12865092
0.31175205
0.0
0.07981324
0.0
0.0
0.0
0.004906755
0.0
0.0
0.0
0.001190003
0.0
0.089464925
0.12275079
0.0
0.33073133
0.0
0.11312778
0.23392606
0.09365703
0.0
0.032671876
0.0
0.03998521
0.010742951
0.21322222
0.22050712
0.10994707
0.14901501
0.048559446
0.049690485
0.15567233
0.17309295
0.0
0.0154727865
0.0
0.14053217
0.0
0.0
0.13883522
0.0
0.17599829
0.0
0.0
0.0
0.0
0.18625893
0.21028018
0.0
0.06513233
0.12996463
0.0
0.2454441
0.0
0.0
0.0
0.06500371
0.0060680797
0.04269996
0.0
0.047847237
0.17132731
0.0
0.013981313
0.0486873
0.0
0.0
0.0
0.0
0.0
0.0
0.28433388
0.016346052
0.010784243
0.066642866
0.27474314
0.0
0.097726025
0.13980943
0.044362925
0.08000386
0.16987965
0.0
0.0
0.0
0.027892277
0.0
0.201336
0.056307063
0.32429346
0.16487697
0.0
0.09622688
0.122538805
0.24774377
0.11498382
0.06289017
0.018076181
0.22795923
0.0
0.12562734
0.031253822
0.047647186
0.08242359
0.0
0.13512254
0.13468611
0.0
0.14450599
0.032642163
0.18329969
0.0
0.0
0.0
0.14000764
0.0
0.0
0.0
0.0
0.102281645
0.0
0.0
0.0
0.0
0.22512832
0.0114251105
0.14660771
0.0
9.810738e-05
0.0
0.0
0.0
0.0
0.0
0.0
0.059757825
0.008625569
0.0
0.0
0.0
0.0
0.0269265
0.0
0.17968833
0.026542721
0.0
0.0
0.0
0.08878747
0.10490659
0.0
0.07031721
0.0
0.031004349
0.0546749
0.026426816
0.15248094
0.05726287
0.08013423
0.065048575
0.12728001
0.076955006
0.10289076
0.033181064
0.0
0.0
0.08213343
0.0
0.013185345
0.21554285
0.0
0.17226355
0.017636247
0.072491385
0.0
0.0
0.17181736
0.0
0.11517569
0.104342
0.13544849
0.06537317
0.0
0.0
0.15260142
0.0
0.30977377
0.0
0.0
0.0
0.0
0.022145309
0.0
0.1131219
0.0
0.0
0.0
0.0
0.0
0.0
0.0
0.17306177
0.0
0.0739509
0.032284893
0.097770356
0.0
0.05117876
0.0
0.03259712
0.0
0.14637095
0.09804069
0.016537381
0.0
0.06508725
0.116942726
0.11190358
0.2561191
0.0
0.0
0.0
0.0
0.0
0.014424825
0.063272536
0.07813263
0.0
0.041946277
0.15717128
0.028187599
0.26784927
0.0
0.0
0.02305952
0.0
0.10660023
0.0
0.093058564
0.046510667
0.0
0.02973642
0.0
0.0
0.0
0.06910058
0.0
0.0
0.0
0.10633763
0.04424596
0.017493417
0.0
0.0
0.031688146
0.044015095
0.0
0.0
0.07100958
0.0
0.072039604
0.0150799425
0.0
0.0
0.16114478
0.10643196
0.060902737
0.0057157883
0.0
0.1958013
0.0
0.056492455
0.0
0.28517342
0.02158805
0.0
0.0
0.17190701
0.0
0.0
0.0
0.052634545
0.15597382
0.0
0.0
0.03219849
0.20061725
0.0
0.056686424
0.01659299
0.0
0.24914183
0.0
0.0
0.0
0.19290085
0.049378436
0.0
0.10801071
0.0
0.18053976
0.0
0.13129541
0.20262788
0.0
0.0
0.0
0.0
0.0
0.086054936
0.0
0.2331327
0.0
0.16267975
0.0
0.20074466
0.10154323
0.23118171
0.0
0.0
0.0017656274
0.31203154
0.0
0.1510552
0.016293306
0.0
0.0033950107
0.0
0.1677986
0.18577379
0.09978202
0.06841089
0.0
0.0
0.022154856
0.07951063
0.02844985
0.0
0.060514174
0.0741254
0.0
0.0
0.0
0.014282757
0.0
0.0
0.0
0.045333445
0.0
0.0
0.045961887
0.09292524
0.005204494
0.0
0.0
0.02519059
0.0
0.11367805
0.06001945
0.0
0.10380943
0.0
0.0
0.04936248
0.0055369493
0.0
0.0
0.0
0.041181937
0.019442428
0.005602693
0.007418506
0.0
0.015545409
0.0
0.00035218988
0.051628992
0.0
0.0
0.07526174
0.0
0.036386196
0.0
0.16870582
0.038627863
0.05462272
0.0
0.0
0.0
0.0
0.0
0.0
0.0
0.0
0.0
0.01929967
0.0
0.0
0.0
0.10533728
0.06926763
0.07247427
0.095636174
0.0
0.0
0.0
0.12999694
0.0
0.24844237
0.0
0.0
0.020208813
0.0
0.23449604
0.0
0.0
0.10131506
0.013349801
0.0
0.07781538
0.0
0.0
0.049475253
0.0
0.0
0.0
0.0
0.0
0.22848761
0.0
0.0
0.07984054
0.13850382
0.13105227
0.16721144
0.016259663
0.15540901
0.0
0.12386698
0.0
0.0
0.17727779
0.06383733
0.14361693
0.0
0.0
0.0
0.12219914
0.0
0.17141804
0.1655348
0.1554969
0.17858621
0.010344189
0.12400307
0.0
0.0
0.0
0.07388236
0.072394416
0.0
0.0
0.015373189
0.0
0.04537506
0.059897296
0.0
0.0
0.15788975
0.0
0.13168009
0.0
0.0
0.0
0.05670427
0.0
0.0
0.0044853766
0.3513842
0.09942578
0.120077685
0.015114002
0.0
0.036545478
0.033378072
0.0
0.06370845
