0.0
0.0
0.16355449
0.044220213
0.0
0.025093235
0.062151868
0.0
0.07108422
0.22443746
0.0
0.08840936
0.0
0.431608
0.0
0.04486923
0.0
0.0
0.0
0.1763415
0.017894022
0.036839567
0.0
0.0
0.13994089
0.0
0.0
0.14689639
0.0
0.0
0.0
0.0
0.0
0.039651908
0.2185943
0.04254799
0.09241443
0.15846379
0.14883351
0.0
0.0
0.0
0.0
0.0
0.15590107
0.0
0.0007105358
0.18709008
0.16046394
0.0
0.0
0.032729268
0.0
0.017415127
0.0
0.0
0.0
0.11975867
0.07594137
0.19700071
0.050835382
0.05877944
0.0
0.0
0.03720929
0.0914959
0.0
0.090721875
0.0
0.0
0.085660025
0.0
0.0
0.0
0.0012492519
0.009901338
0.0
0.14101902
0.07312627
0.16304857
0.15172224
0.04036468
0.0
0.0
0.19635996
0.0
0.11023755
0.0
0.059733152
0.12197301
0.16320531
0.0
0.13792469
0.03821893
0.00067506917
0.09241247
0.09310816
0.0
0.22062029
0.09971565
0.1328206
0.09478879
0.0
0.0
0.12091998
0.0
0.083045274
0.0
0.0
0.0
0.23176247
0.0
0.12675504
0.31218955
0.0
0.07956953
0.0
0.0
0.0
0.0055283066
0.0
0.0
0.0
0.0
0.0
0.087698855
0.12301001
0.0
0.329863
0.0
0.113006175
0.23433872
0.09167279
0.0
0.03357748
0.0
0.039338104
0.008965785
0.2144666
0.22056486
0.10977074
0.14873359
0.04833449
0.049699813
0.15595622
0.17221662
0.0
0.015508932
0.0
0.14107478
0.0
0.0
0.13905996
0.0
0.17574199
0.0
0.0
0.0
0.0
0.18814357
0.21076861
0.0
0.06662689
0.13028494
0.0
0.24403194
0.0
0.0
0.0
0.063863315
0.005987488
0.041594505
0.0
0.04815378
0.17155857
0.0
0.01347765
0.048659626
0.0
0.0
0.0
0.0
0.0
0.0
0.28549388
0.015154429
0.011517946
0.06810921
0.2765502
0.0
0.098228075
0.1402881
0.043104246
0.07992806
0.16912894
0.0
0.0
0.0
0.028702676
0.0
0.20095901
0.055785287
0.32527137
0.16568103
0.0
0.09633973
0.12263813
0.24736385
0.11518085
0.06405106
0.017955143
0.22846006
0.0
0.12522125
0.031253345
0.048380215
0.084369235
0.0
0.13591503
0.13538446
0.0
0.14432658
0.033451714
0.1820999
0.0
0.0
0.0
0.13931163
0.0
0.0
0.0
0.0
0.1027234
0.0
0.0
0.0
0.0
0.22497807
0.0121000735
0.14652264
0.0
0.00015357602
0.0
0.0
0.0
0.0
0.0
0.0
0.05921513
0.009763913
0.0
0.0
0.0
0.0
0.027867557
0.0
0.18054433
0.027440947
0.0
0.0
0.0
0.08924285
0.10475132
0.0
0.0699303
0.0
0.031210318
0.054997757
0.025900623
0.15148816
0.058404006
0.08040884
0.06489088
0.12847665
0.07567444
0.10213893
0.032480553
0.0
0.0
0.083755665
0.0
0.012906513
0.21552798
0.0
0.1728181
0.017788691
0.072532386
0.0
0.0
0.17083295
0.0
0.11604175
0.10468142
0.13605726
0.06587703
0.0
0.0
0.15244344
0.0
0.30922163
0.0
0.0
0.0
0.0
0.022069108
0.0
0.11171036
0.0
0.0
0.0
0.0
0.0
0.0
0.0
0.1740065
0.0
0.07322963
0.03136941
0.09822126
0.0
0.051713534
0.0
0.032799885
0.0
0.14764503
0.09712166
0.015362119
0.0
0.065550916
0.11701222
0.111549966
0.25639603
0.0
0.0
0.0
0.0
0.0
0.014192911
0.06412599
0.07764422
0.0
0.043229237
0.15776308
0.027821634
0.26687512
0.0
0.0
0.023120768
0.0
0.107122354
0.0
0.09452686
0.047218695
0.0
0.028555082
0.0
0.0
0.0
0.07021037
0.0
0.0
0.0
0.10458813
0.045654614
0.017278612
0.0
0.0
0.030928463
0.04398967
0.0
0.0
0.0705676
0.0
0.071865834
0.015126219
0.0
0.0
0.16095476
0.10722218
0.06054274
0.0065439343
0.0
0.19571853
0.0
0.05817523
0.0
0.2861537
0.021329245
0.0
0.0
0.17222258
0.0
0.0
0.0
0.05220196
0.15529986
0.0
0.0
0.031220956
0.20005389
0.0
0.05689308
0.01755733
0.0
0.24919128
0.0
0.0
0.0
0.19213818
0.0495945
0.0
0.10656269
0.0
0.18117389
0.0
0.13274558
0.20244303
0.0
0.0
0.0
0.0
0.0
0.08781915
0.0
0.2338109
0.0
0.16435039
0.0
0.20246373
0.101332285
0.2302787
0.0
0.0
0.0014097607
0.31308594
0.0
0.15099026
0.016881766
0.0
0.003255085
0.0
0.1676705
0.18627009
0.10026795
0.06761758
0.0
0.0
0.02203057
0.079933584
0.026739065
0.0
0.06142619
0.07485408
0.0
0.0
0.0
0.014717778
0.0
0.0
0.0
0.045357212
0.0
0.0
0.04536985
0.09381085
0.0043454077
0.0
0.0
0.024145184
0.0
0.115361
0.060688104
0.0
0.10386228
0.0
0.0
0.05062415
0.004256271
0.0
0.0
0.0
0.041368008
0.02007435
0.005762879
0.0078680925
0.0
0.017215658
0.0
0.0014794455
0.05163454
0.0
0.0
0.0749639
0.0
0.037493676
0.0
0.1694396
0.04100976
0.053592086
0.0
0.0
0.0
0.0
0.0
0.0
0.0
0.0
0.0
0.019297704
0.0
0.0
0.0
0.10780085
0.06926155
0.07244564
0.09414638
0.0
0.0
0.0
0.13185036
0.0
0.24715324
0.0
0.0
0.020776179
0.0
0.23371708
0.0
0.0
0.10316391
0.013230817
0.0
0.07834532
0.0
0.0
0.050875254
0.0
0.0
0.0
0.0
0.0
0.22859685
0.0
0.0
0.07940097
0.13908786
0.13153076
0.16795991
0.017902078
0.15489452
0.0
0.12458721
0.0
0.0
0.1773206
0.06322818
0.14320935
0.0
0.0
0.0
0.12159423
0.0
0.1730569
0.16675365
0.15502076
0.17817953
0.00791161
0.12534341
0.0
0.0
0.0
0.07446777
0.073618725
0.0
0.0
0.014303049
0.0
0.044415873
0.06041115
0.0
0.0
0.15848824
0.0
0.1303535
0.0
0.0
0.0
0.057732474
0.0
0.0
0.0021039816
0.35213348
0.09969122
0.12002992
0.014801655
0.0
0.03507881
0.03176964
0.0
0.06336899
