0.0
0.0
0.16263086
0.04445645
0.0
0.024833394
0.061735127
0.0
0.07167152
0.22451386
0.0
0.08885437
0.0
0.43225592
0.0
0.04545869
0.0
0.0
0.0
0.17515838
0.017318984
0.035820387
0.0
0.0
0.14083175
0.0
0.0
0.14641277
4.816102e-05
0.0
0.0
0.0
0.0
0.03955362
0.21812685
0.042097203
0.0937145
0.15860584
0.14729673
0.0
0.0
0.0
0.0
0.0
0.15605533
0.0
0.0015210863
0.18847871
0.16045898
0.0
0.0
0.032510146
0.0
0.017284637
0.0
0.0
0.0
0.1189018
0.07529612
0.1975624
0.049643278
0.05807651
0.0
0.0
0.036307767
0.09136378
0.0
0.09086155
0.0
0.0
0.085173525
0.0
0.0
0.0
0.0013207197
0.009756133
0.0
0.14126025
0.07340831
0.1628227
0.15277696
0.04013507
0.0
0.0
0.19615622
0.0
0.11008157
0.0
0.059152126
0.123268396
0.16329521
0.0
0.13821664
0.037655674
0.0010841964
0.093516275
0.09296358
0.0
0.2203966
0.099684715
0.13281626
0.09497519
0.0
0.0
0.121450454
0.0
0.08331751
0.0
0.0
0.0
0.23254344
0.0
0.12539072
0.31227148
0.0
0.079634055
0.0
0.0
0.0
0.0052282475
0.0
0.0
0.0
0.0
0.0
0.086940825
0.12286331
0.0
0.32949352
0.0
0.11333432
0.2344585
0.090918526
0.0
0.033563733
0.0
0.03971959
0.008361084
0.21508376
0.22055458
0.10974401
0.14845566
0.047808286
0.049291342
0.15712592
0.17221108
0.0
0.015789635
0.0
0.14143221
0.0
0.0
0.13896252
0.0
0.17549482
0.0
0.0
0.0
0.0
0.18841659
0.21159008
0.0
0.066651374
0.13049479
0.0
0.24367729
0.0
0.0
0.0
0.06403279
0.0054567126
0.041080795
0.0
0.048442155
0.17103812
0.0
0.012979308
0.048516646
0.0
0.0
0.0
0.0
0.0
0.0
0.2853625
0.014957269
0.0117443595
0.06834067
0.2770358
0.0
0.09875269
0.14096875
0.04276187
0.080326535
0.16894487
0.0
0.0
0.0
0.028891861
0.0
0.20056218
0.05574839
0.32563245
0.16630223
0.0
0.09655149
0.122616425
0.24723913
0.115318626
0.064918235
0.018010136
0.22846998
0.0
0.12535988
0.03139977
0.048686966
0.08545711
0.0
0.1369477
0.13570626
0.0
0.14405203
0.033728734
0.18142922
0.0
0.0
0.0
0.13905534
0.0
0.0
0.0
0.0
0.10291034
0.0
0.0
0.0
0.0
0.22497317
0.012762936
0.14608355
0.0
0.0
0.0
0.0
0.0
0.0
0.0
0.0
0.058549028
0.010593293
0.0
0.0
0.0
0.0
0.028430764
0.0
0.18081512
0.028077004
0.0
0.0
0.0
0.08903098
0.10450551
0.0
0.06936711
0.0
0.03134141
0.055477
0.024936983
0.15083785
0.05955422
0.0807506
0.06478313
0.12874275
0.07462987
0.10245043
0.031885136
0.0
0.0
0.084612034
0.0
0.013130244
0.21587192
0.0
0.1727216
0.017433673
0.07234139
0.0
0.0
0.17018116
0.0
0.11728531
0.10441998
0.13659893
0.066334754
0.0
0.0
0.15253733
0.0
0.30880198
0.0
0.0
0.0
0.0
0.022065599
0.0
0.110977426
0.0
0.0
0.0
0.0
0.0
0.0
0.0
0.17507143
0.0
0.072867356
0.030734409
0.09829226
0.0
0.05221607
0.0
0.033473663
0.0
0.14875716
0.09623183
0.0146989655
0.0
0.06655369
0.11685227
0.11129785
0.25644735
0.0
0.0
0.0
0.0
0.0
0.013375115
0.06395057
0.07754031
0.0
0.044074122
0.15778065
0.02774082
0.26630524
0.0
0.0
0.02262504
0.0
0.107768305
0.0
0.09551163
0.047783993
0.0
0.02816794
0.0
0.0
0.0
0.07086068
0.0
0.0
0.0
0.10429696
0.046455953
0.01760012
0.0
0.0
0.030699188
0.043395273
0.0
0.0
0.07046254
0.0
0.072059974
0.014975304
0.0
0.0
0.16113676
0.10785478
0.060597546
0.0068461103
0.0
0.19555673
0.0
0.059560124
0.0
0.2865844
0.021235418
0.0
0.0
0.17258908
0.0
0.0
0.0
0.051833212
0.15485148
0.0
0.0
0.030817319
0.19971731
0.0
0.056355342
0.01729304
0.0
0.24929816
0.0
0.0
0.0
0.19155581
0.04972183
0.0
0.105922185
0.0
0.1811524
0.0
0.13383496
0.20291175
0.0
0.0
0.0
0.0
0.0
0.08861376
0.0
0.23403934
0.0
0.16524719
0.0
0.20304874
0.10144311
0.22925013
0.0
0.0
0.00072517805
0.31392255
0.0
0.15019116
0.017214464
0.0
0.003387725
0.0
0.16771016
0.18663624
0.09976166
0.06677305
0.0
0.0
0.02157528
0.08048497
0.0266838
0.0
0.061908357
0.074909166
0.0
0.0
0.0
0.015248954
0.0
0.0
0.0
0.045114763
0.0
0.0
0.045283694
0.09460839
0.0038414374
0.0
0.0
0.023804674
0.0
0.11597218
0.06168968
0.0
0.10402041
0.0
0.0
0.05151763
0.0037126224
0.0
0.0
0.0
0.04160446
0.020356901
0.006258089
0.008156436
0.0
0.018256318
0.0
0.0016745944
0.051502768
0.0
0.0
0.07522346
0.0
0.03774703
0.0
0.1697717
0.04203834
0.05309245
0.0
0.0
0.0
0.0
0.0
0.0
0.0
0.0
0.0
0.019364523
0.0
0.0
0.0
0.108474806
0.06851654
0.07267837
0.09327269
0.0
0.0
0.0
0.13268228
0.0
0.24628457
0.0
0.0
0.021657731
0.0
0.2338281
0.0
0.0
0.10366781
0.012497087
0.0
0.07822188
0.0
0.0
0.051194422
0.0
0.0
0.0
0.0
0.0
0.22933918
0.0
0.0
0.07942628
0.13911808
0.13097705
0.16840915
0.018571828
0.15521184
0.0
0.1248484
0.0
0.0
0.17715135
0.062952176
0.14331815
0.0
0.0
0.0
0.12177596
0.0
0.17362882
0.16743593
0.15488888
0.17788762
0.0067064343
0.12586506
0.0
0.0
0.0
0.07454616
0.074561335
0.0
0.0
0.013491469
0.0
0.044111043
0.06025205
0.0
0.0
0.15838999
0.0
0.12970537
0.0
0.0
0.0
0.058170147
0.0
0.0
0.00086406805
0.35281357
0.10001399
0.11953733
0.01454951
0.0
0.034520585
0.03073521
0.0
0.06282741
