0.0
0.0
0.0
1.0476978
0.0
0.0
0.0
0.0
0.0
0.0
0.8834845
0.0
0.0
0.0
0.5184286
0.0
0.23510621
0.0
0.16283953
0.0
0.0
0.0
0.25247592
0.0
0.0
0.0
0.0
0.0
0.0
0.0
0.0
0.0
0.0
0.0
0.39297128
0.0
0.0
0.0
0.0
0.0
0.35886312
0.0
0.0
0.0
0.0
0.0
0.0
0.0
0.36641246
0.0
0.0
0.0
0.0
0.0
0.0
0.1609452
0.0
0.0
0.0
0.0
0.0
0.37999347
0.0
0.0
0.0
0.0
0.0
0.0
0.0
0.0
0.0
0.38414797
0.0
0.0
0.0
0.0073850174
0.0
0.0
0.0
0.53393215
0.7816857
0.0
0.0
0.108930014
0.0
0.0
1.0192113
0.1884418
0.0
0.0
0.0
0.0
0.0
0.0
0.0
0.0
0.0
0.1407031
0.0
0.0
0.58708155
0.0
0.0
0.0
0.0
0.0
0.292418
0.0
0.0
0.0
0.0
0.0
0.0
0.0
0.0
0.21493566
0.32066566
0.0
0.0
0.0
0.0
0.0
0.0
0.2228146
0.0
0.0
0.0
0.0
0.0
0.0
0.0
0.0
0.0
0.0
0.20435219
0.0
0.0
0.0
0.08948489
0.0
0.0
0.0
0.0
0.0
0.0
0.0
0.0
0.0
1.4687445
0.0
0.0
1.6423714
0.0
0.0
0.0
0.0
0.0
0.16614343
0.0
0.0
0.0
0.0
0.0
2.372559
0.0
0.0
0.0
0.0
0.0
0.0
0.0
0.0
0.0
0.062444188
0.0
0.0
0.26335952
0.0
0.0
0.0
0.0
0.0
0.0
0.0
0.0
0.0
0.0
0.0
0.0
0.49078107
0.0
0.76376736
0.0
0.0
0.19305925
0.43549705
0.23258698
0.0
0.7902771
0.0
0.0
0.0
0.38077697
0.4707677
0.0
0.0
0.0
0.0
0.0
0.0
0.0
0.0
0.0
0.0
0.0
0.0
0.0
0.0
0.0
0.0
0.0
0.0
0.0
0.0
0.0
0.0
0.0
0.026417695
0.0
0.0
0.0
0.0
0.0
0.0
0.0
0.0
0.30466276
0.0
0.0
0.22624414
0.0
0.33096412
0.0
0.0
0.13063626
0.39082912
0.0
0.22047643
0.0
0.0
0.38698393
0.0
0.2390996
0.38733578
0.0
0.0
0.0
0.0
0.0
0.0
0.8368017
1.268565
0.0
0.0
0.0
0.0
0.0
0.0
0.0
0.0
0.0
0.0
0.0
0.0
0.0
0.0
0.0
0.0
0.0
0.0
0.0
0.0
0.0
0.0
0.0
0.0
0.0
0.0
0.1389668
0.0
0.0
0.0
0.24166675
0.0
0.0
0.0
0.0
1.2567911
0.0
0.0
0.0
0.61722904
0.0
0.0
0.0
0.0
0.0
0.14553328
0.0
0.16271931
0.0
0.0
0.0
0.0
0.0
0.0
0.0
0.27328306
0.0
0.0
0.0
0.0
0.0
0.08477613
0.0
0.0
0.0
0.0
0.0
0.0
0.0
0.050057005
0.0
0.0
0.0
0.0
0.0
0.0
0.0
0.0
0.0
0.0
0.0
0.0
0.0
0.0
0.0
0.0
0.0
0.0
0.29514915
0.0
0.0
0.0173264
0.4152793
0.0
0.0
0.0
1.4288132
0.0
0.0
0.0
0.0
0.0
0.0
0.07133142
0.0
0.0
0.0
0.0
0.0
0.0
1.1343454
0.3741854
0.0
0.0
0.0
0.0
0.0
0.0
0.0
0.0
0.0
0.0
0.0
0.0
0.0
0.12824823
0.0
0.0
0.0
0.0
0.0
0.0
0.0
0.0
0.0
0.0
0.0
0.0
0.0
0.0
0.36556938
0.0
0.0
0.0
0.0
0.0
0.0
0.23898792
0.82493913
0.0
0.0
0.0
0.0
0.0
0.0
0.0
0.0
0.34786904
0.20608068
0.0
0.048843645
0.8186188
0.24967268
0.0
0.0
0.0
0.0
0.0
0.0
0.0
0.0
0.29136577
0.58432275
0.0
0.0
0.0
0.0
0.0
0.0
0.0
0.0
0.0
0.0
0.0
0.0
0.0
0.0
0.0
0.0
0.0
0.0
0.0
0.0
0.0
0.0
0.0
0.0
0.0
0.0
0.0
0.0
0.0
0.0
0.2823059
0.0
0.0
0.0
0.0
0.0
0.0
0.0
0.0
0.0
1.3758905
0.026327746
0.0
0.0
0.0
0.0
0.0
0.0
0.0
0.0
0.0
0.0
0.0
0.0
0.0
0.0
0.0
0.0
0.14310493
0.8287797
0.0
0.0
0.0
0.0
0.53254044
0.0
0.0
0.0
0.51246476
0.0
0.0
0.013455987
0.0
0.0
0.13894966
0.37003103
0.0
0.4368582
0.0
0.0
0.0
0.0
0.0
0.2005519
0.0
0.0
0.0
0.0
0.0
0.0
0.0
0.0
0.0
0.24942903
0.0
0.0
0.0
0.0
0.0
0.0
0.0
0.0
0.0
0.19253005
0.0
0.0
0.38684848
0.34278983
0.0
0.0
0.0
0.0
0.0
0.0
0.0
0.0
0.0
0.0
0.0
0.0
0.0
0.0
0.31549796
0.0
0.0
0.0
0.0
0.20246091
0.0
0.0
0.0
0.0
0.0
0.0
0.0
0.0
0.0
0.0
0.0
0.0
0.0
0.0
0.0
0.0
0.0
0.0
0.0
0.0
0.0
0.4912089
0.24195418
0.0
0.0
0.0
0.0
0.0
0.0
0.0
0.0
0.0
0.0
0.0
0.0
0.0
0.0
