0.0
0.0
0.0
1.0527501
0.0
0.0
0.0
0.0
0.0
0.0
0.8848388
0.0
0.0
0.0
0.53079474
0.0
0.23459801
0.0
0.15175492
0.0
0.0
0.0
0.24925132
0.0
0.0
0.0
0.0
0.0
0.0
0.0
0.0
0.0
0.0
0.0
0.3922286
0.0
0.0
0.0
0.0
0.0
0.36283645
0.0
0.0
0.0
0.0
0.0
0.0
0.0
0.36972058
0.0
0.0
0.0
0.0
0.0
0.0
0.15746059
0.0
0.0
0.0
0.0
0.0
0.37907177
0.0
0.0
0.0
0.0
0.0
0.0
0.0
0.0
0.0
0.38700697
0.0
0.0
0.0
0.0047343895
0.0
0.0
0.0
0.5317728
0.7822986
0.0
0.0
0.10408027
0.0
0.0
1.0170575
0.18732207
0.0
0.0
0.0
0.0
0.0
0.0
0.0
0.0
0.0
0.1372857
0.0
0.0
0.581213
0.0
0.0
0.0
0.0
0.0
0.29210994
0.0
0.0
0.0
0.0
0.0
0.0
0.0
0.0
0.20934187
0.31981543
0.0
0.0
0.0
0.0
0.0
0.0
0.2228412
0.0
0.0
0.0
0.0
0.0
0.0
0.0
0.0
0.0
0.0
0.20322867
0.0
0.0
0.0
0.089590445
0.0
0.0
0.0
0.0
0.0
0.0
0.0
0.0
0.0
1.4716625
0.0
0.0
1.6389245
0.0
0.0
0.0
0.0
0.0
0.17923395
0.0
0.0
0.0
0.0
0.0
2.3779352
0.0
0.0
0.0
0.0
0.0
0.0
0.0
0.0
0.0
0.059785992
0.0
0.0
0.2624719
0.0
0.0
0.0
0.0
0.0
0.0
0.0
0.0
0.0
0.0
0.0
0.0
0.49214312
0.0
0.76778406
0.0
0.0
0.189093
0.43747884
0.23822843
0.0
0.79201776
0.0
0.0
0.0
0.38186434
0.46702117
0.0
0.0
0.0
0.0
0.0
0.0
0.0
0.0
0.0
0.0
0.0
0.0
0.0
0.0
0.0
0.0
0.0
0.0
0.0
0.0
0.0
0.0
0.0
0.03111796
0.0
0.0
0.0
0.0
0.0
0.0
0.0
0.0
0.31247434
0.0
0.0
0.22557093
0.0
0.32830015
0.0
0.0
0.13881546
0.39011705
0.0
0.21829993
0.0
0.0
0.39381108
0.0
0.24546587
0.39353472
0.0
0.0
0.0
0.0
0.0
0.0
0.83785284
1.2670349
0.0
0.0
0.0
0.0
0.0
0.0
0.0
0.0
0.0
0.0
0.0
0.0
0.0
0.0
0.0
0.0
0.0
0.0
0.0
0.0
0.0
0.0
0.0
0.0
0.0
0.0
0.14311421
0.0
0.0
0.0
0.24148528
0.0
0.0
0.0
0.0
1.2651927
0.0
0.0
0.0
0.62393695
0.0
0.0
0.0
0.0
0.0
0.14971137
0.0
0.15534791
0.0
0.0
0.0
0.0
0.0
0.0
0.0
0.275688
0.0
0.0
0.0
0.0
0.0
0.082734376
0.0
0.0
0.0
0.0
0.0
0.0
0.0
0.04977719
0.0
0.0
0.0
0.0
0.0
0.0
0.0
0.0
0.0
0.0
0.0
0.0
0.0
0.0
0.0
0.0
0.0
0.0
0.29334268
0.0
0.0
0.020055212
0.42256904
0.0
0.0
0.0
1.4297843
0.0
0.0
0.0
0.0
0.0
0.0
0.06934961
0.0
0.0
0.0
0.0
0.0
0.0
1.1312546
0.37642598
0.0
0.0
0.0
0.0
0.0
0.0
0.0
0.0
0.0
0.0
0.0
0.0
0.0
0.1211873
0.0
0.0
0.0
0.0
0.0
0.0
0.0
0.0
0.0
0.0
0.0
0.0
0.0
0.0
0.36715892
0.0
0.0
0.0
0.0
0.0
0.0
0.23986869
0.83014435
0.0
0.0
0.0
0.0
0.0
0.0
0.0
0.0
0.34738162
0.20745464
0.0
0.042144082
0.81668264
0.2503488
0.0
0.0
0.0
0.0
0.0
0.0
0.0
0.0
0.29410347
0.5920348
0.0
0.0
0.0
0.0
0.0
0.0
0.0
0.0
0.0
0.0
0.0
0.0
0.0
0.0
0.0
0.0
0.0
0.0
0.0
0.0
0.0
0.0
0.0
0.0
0.0
0.0
0.0
0.0
0.0
0.0
0.2884308
0.0
0.0
0.0
0.0
0.0
0.0
0.0
0.0
0.0
1.379038
0.026805168
0.0
0.0
0.0
0.0
0.0
0.0
0.0
0.0
0.0
0.0
0.0
0.0
0.0
0.0
0.0
0.0
0.1417524
0.8306048
0.0
0.0
0.0
0.0
0.5352066
0.0
0.0
0.0
0.5077789
0.0
0.0
0.012856459
0.0
0.0
0.13897854
0.3766971
0.0
0.44147375
0.0
0.0
0.0
0.0
0.0
0.19784054
0.0
0.0
0.0
0.0
0.0
0.0
0.0
0.0
0.0
0.25198218
0.0
0.0
0.0
0.0
0.0
0.0
0.0
0.0
0.0
0.19440416
0.0
0.0
0.38990694
0.3468573
0.0
0.0
0.0
0.0
0.0
0.0
0.0
0.0
0.0
0.0
0.0
0.0
0.0
0.0
0.31891936
0.0
0.0
0.0
0.0
0.2024948
0.0
0.0
0.0
0.0
0.0
0.0
0.0
0.0
0.0
0.0
0.0
0.0
0.0
0.0
0.0
0.0
0.0
0.0
0.0
0.0
0.0
0.49720985
0.24054244
0.0
0.0
0.0
0.0
0.0
0.0
0.0
0.0
0.0
0.0
0.0
0.0
0.0
0.0
