0.0
0.0
0.0
1.0227422
0.0
0.0
0.0
0.0
0.0
0.0
0.8527029
0.0
0.0
0.0
0.39827752
0.0
0.19663511
0.0
0.14067754
0.0
0.0
0.0
0.18919128
0.0
0.0
0.0
0.0
0.0
0.0
0.0
0.0
0.0
0.0
0.0
0.25072163
0.0
0.0
0.0
0.0
0.0
0.28307825
0.0
0.0
0.0
0.0
0.0
0.0
0.0
0.38278344
0.0
0.0
0.0
0.0
0.0
0.0
0.13124503
0.0
0.0
0.0
0.0
0.0
0.23007444
0.0
0.0
0.0
0.0
0.0
0.0
0.0
0.0
0.0
0.29246515
0.0
0.0
0.0
0.0
0.0
0.0
0.0
0.41808295
0.7669963
0.0
0.0
0.038021117
0.0
0.0
0.93065304
0.14096722
0.0
0.0
0.0
0.0
0.0
0.0
0.0
0.0
0.0
0.06027198
0.0
0.0
0.5880829
0.0
0.0
0.0
0.0
0.0
0.22638439
0.0
0.0
0.0
0.0
0.0
0.0
0.0
0.0
0.16111451
0.3169735
0.0
0.0
0.0
0.0
0.0
0.0
0.23525384
0.0
0.0
0.0
0.0
0.0
0.0
0.0
0.0
0.0
0.0
0.13460243
0.0
0.0
0.0
0.033036932
0.0
0.0
0.0
0.0
0.0
0.0
0.0
0.0
0.0
1.4263263
0.0
0.0
1.6000608
0.0
0.0
0.0
0.0
0.0
0.10855053
0.0
0.0
0.0
0.0
0.0
2.368833
0.0
0.0
0.0
0.0
0.0
0.0
0.0
0.0
0.0
0.032977432
0.0
0.0
0.18921274
0.0
0.0
0.0
0.0
0.0
0.0
0.0
0.0
0.0
0.0
0.0
0.0
0.47253382
0.0
0.6402561
0.0
0.0
0.19269231
0.40387917
0.13158575
0.0
0.73707837
0.0
0.0
0.0
0.30071154
0.35993463
0.0
0.0
0.0
0.0
0.0
0.0
0.0
0.0
0.0
0.0
0.0
0.0
0.0
0.0
0.0
0.0
0.0
0.0
0.0
0.0
0.0
0.0
0.0
0.0
0.0
0.0
0.0
0.0
0.0
0.0
0.0
0.0
0.20662302
0.0
0.0
0.18758911
0.0
0.27072147
0.0
0.0
0.13773692
0.26486605
0.0
0.23303583
0.0
0.0
0.30526537
0.0
0.18324785
0.4071259
0.0
0.0
0.0
0.0
0.0
0.0
0.8307177
1.3016107
0.0
0.0
0.0
0.0
0.0
0.008519087
0.0
0.0
0.0
0.0
0.0
0.0
0.0
0.0
0.0
0.0
0.0
0.0
0.0
0.0
0.0
0.0
0.0
0.0
0.0
0.0
0.06952045
0.0
0.0
0.0
0.17525148
0.0
0.0
0.0
0.0
1.1682593
0.0
0.0
0.0
0.60448956
0.0
0.0
0.0
0.0
0.0
0.08739917
0.0
0.14694813
0.0
0.0
0.0
0.0
0.0
0.0
0.0
0.123399004
0.0
0.0
0.0
0.0
0.0
0.08153682
0.0
0.0
0.0
0.0
0.0
0.0
0.0
0.009747714
0.0
0.0
0.0
0.0
0.0
0.0
0.0
0.0
0.0
0.0
0.0
0.0
0.0
0.0
0.0
0.0
0.0
0.0
0.21907541
0.0
0.0
0.0
0.32754356
0.0
0.0
0.0
1.3662598
0.0
0.0
0.0
0.0
0.0
0.0
0.063524395
0.0
0.0
0.0
0.0
0.0
0.0
1.1574157
0.2594112
0.0
0.0
0.0
0.0
0.0
0.0
0.0
0.0
0.0
0.0
0.0
0.0
0.0
0.13745531
0.0
0.0
0.0
0.0
0.0
0.0
0.0
0.0
0.0
0.0
0.0
0.0
0.0
0.0
0.23326713
0.0
0.0
0.0
0.0
0.0
0.0
0.15927249
0.7793666
0.0
0.0
0.0
0.0
0.0
0.0
0.0
0.0
0.3336597
0.15525472
0.0
0.07726163
0.78438866
0.14757757
0.0
0.0
0.0
0.0
0.0
0.0
0.0
0.0
0.19422421
0.53813934
0.0
0.0
0.0
0.0
0.0
0.0
0.0
0.0
0.0
0.0
0.0
0.0
0.0
0.0
0.0
0.0
0.0
0.0
0.0
0.0
0.0
0.0
0.0
0.0
0.0
0.0
0.0
0.0
0.0
0.0
0.18196309
0.0
0.0
0.0
0.0
0.0
0.0
0.0
0.0
0.0
1.3576809
0.050774727
0.0
0.0
0.0
0.0
0.0
0.0
0.0
0.0
0.0
0.0
0.0
0.0
0.0
0.0
0.0
0.0
0.08537598
0.8385856
0.0
0.0
0.0
0.0
0.59971225
0.0
0.0
0.0
0.4602281
0.0
0.0
0.0
0.0
0.0
0.09070969
0.2633492
0.0
0.27398524
0.0
0.0
0.0
0.0
0.0
0.11866765
0.0
0.0
0.0
0.0
0.0
0.0
0.0
0.0
0.0
0.15860702
0.0
0.0
0.0
0.0
0.0
0.0
0.0
0.0
0.0
0.14019507
0.0
0.0
0.3082235
0.30388507
0.0
0.0
0.0
0.0
0.0
0.0
0.0
0.0
0.0
0.0
0.0
0.0
0.0
0.0
0.23264799
0.0
0.0
0.0
0.0
0.18226153
0.0
0.0
0.0
0.0
0.0
0.0
0.0
0.0
0.0
0.0
0.0
0.0
0.0
0.0
0.0
0.0
0.0
0.0
0.0
0.0
0.0
0.49316406
0.135299
0.0
0.0
0.0
0.0
0.0
0.0
0.0
0.0
0.0
0.0
0.0
0.0
0.0
0.0
