0.0
0.0
0.0
0.58174616
0.0
0.0
0.0
0.0
0.0
0.0
0.40643376
0.0
0.0
0.0
0.0
0.0
0.0
0.0
0.14939412
0.0
0.0
0.0
0.0
0.0
0.0
0.0
0.0
0.0
0.0
0.0
0.0
0.49568233
0.0
0.0
0.0
0.0
0.0
0.0
0.0
0.0
0.0
0.0
0.0
0.0
0.0
0.0
0.0
0.0
0.7558303
0.0
0.0
0.0
0.0
0.0
0.0
0.0
0.0
0.0
0.0
0.0
0.0
0.0
0.0
0.0
0.0
0.0
0.11743772
0.0
0.0
0.0
0.0
0.0
0.0
0.0
0.0
0.24577796
0.0
0.0
0.0
0.0
0.5651907
0.0
0.0
0.0
0.0
0.0
0.0
0.0
0.0
0.0
0.0
0.0
0.0
0.0
0.0
0.0
0.0
0.0
0.0
0.0
0.4275645
0.0
0.0
0.0
0.0
0.0
0.0
0.0
0.0
0.0
0.0
0.0
0.0
0.0
0.0
0.0
0.017483523
0.0
0.0
0.0
0.0
0.0
0.0
0.83101594
0.0
0.0
0.0
0.0
0.0
0.0
0.0
0.0
0.08825247
0.0
0.0
0.0
0.0
0.0
0.0
0.0
0.0
0.0
0.25730726
0.0
0.0
0.0
0.0
0.0
0.47759256
0.0
0.0
0.8468008
0.0
0.0
0.0
0.0
0.0
0.0
0.0
0.0
0.0
0.0
0.0
1.7744565
0.0
0.0
0.0
0.0
0.0
0.0
0.0
0.0
0.0
0.3068555
0.0
0.0
0.0
0.0
0.0
0.0
0.0
0.0
0.0
0.0
0.0
0.0
0.0
0.0
0.0
0.35753667
0.0
0.0
0.0
0.0
0.12130612
0.3510177
0.0
0.0
0.5042622
0.0
0.0
0.0
0.0
0.0
0.0
0.0
0.0
0.0
0.0
0.0
0.0
0.0
0.0
0.0
0.0
0.0
0.0
0.0
0.0
0.0
0.0
0.0
0.0
0.0
0.0
0.0
0.0
0.0
0.0
0.0
0.0
0.0
0.5341056
0.0
0.0
0.0
0.0
0.0
0.0
0.0
0.0
0.0
0.0
0.0
0.5467333
0.0
0.0
0.26370943
0.0
0.0
0.0
0.0
0.0
0.30286118
0.0
0.0
0.0
0.0
0.0
0.0
0.72074854
1.6908392
0.0
0.0
0.0
0.0
0.0
0.0
0.0
0.0
0.0
0.0
0.0
0.0
0.0
0.0
0.0
0.0
0.0
0.0
0.0
0.0
0.0
0.0
0.0
0.0
0.0
0.0
0.0
0.0
0.0
0.0
0.0
0.0
0.0
0.0
0.0
0.36430532
0.0
0.0
0.0
0.0
0.0
0.0
0.0
0.0
0.0
0.0
0.58354557
0.12184006
0.0
0.0
0.0
0.0
0.0
0.0
0.0
0.0
0.0
0.0
0.0
0.0
0.0
0.0
0.0
0.0
0.0
0.0
0.0
0.0
0.0
0.0
0.0
0.0
0.0
0.0
0.0
0.0
0.0
0.0
0.0
0.0
0.0
0.0
0.0
0.0
0.0
0.0
0.0
0.0
0.0
0.0
0.0
0.03727445
0.0
0.0
0.0
0.0
0.4852086
0.0
0.0
0.0
0.0
0.0
0.0
0.1265922
0.0
0.0
0.0
0.0
0.0
0.0
1.3624002
0.0
0.0
0.0
0.0
0.0
0.0
0.0
0.0
0.0
0.0
0.0
0.0
0.0
0.0
0.0
0.0
0.0
0.0
0.0
0.0
0.0
0.0
0.0
0.0
0.0
0.25232577
0.0
0.0
0.0
0.0
0.0
0.0
0.0
0.0
0.0
0.0
0.0
0.30443653
0.0
0.0
0.0
0.0
0.0
0.0
0.0
0.0
0.0
0.0
0.52276504
0.6441759
0.07058108
0.0
0.0
0.0
0.0
0.0
0.0
0.0
0.0
0.0
0.0
0.5004945
0.0
0.0
0.0
0.0
0.0
0.0
0.0
0.0
0.0
0.0
0.0
0.0
0.0
0.0
0.0
0.42978358
0.0
0.0
0.0
0.0
0.0
0.0
0.0
0.0
0.0
0.0
0.0
0.0
0.0
0.0
0.0
0.0
0.0
0.0
0.0
0.0
0.0
0.0
0.0
0.0
0.95213896
0.0
0.0
0.0
0.0
0.0
0.0
0.0
0.0
0.0
0.0
0.0
0.0
0.0
0.0
0.0
0.0
0.0
0.0
0.122455806
0.0
0.0
0.0
0.0
1.2551821
0.10937528
0.0
0.0
0.43585384
0.0
0.0
0.0
0.0
0.0
0.0
0.0
0.0
0.0
0.0
0.0
0.0
0.0
0.0
0.0
0.0
0.0
0.0
0.0
0.0
0.0
0.0
0.0
0.0
0.0
0.0
0.0
0.0
0.0
0.0
0.0
0.0
0.0
0.1137721
0.0
0.0
0.0
0.0
0.01498805
0.0
0.10645764
0.0
0.0
0.0
0.0
0.0
0.0
0.0
0.0
0.0
0.0
0.0
0.0
0.0
0.0
0.0
0.0
0.0
0.05044107
0.0
0.0
0.0
0.0
0.0
0.0
0.0
0.0
0.0
0.0
0.107309535
0.0
0.0
0.0
0.0
0.0
0.0
0.0
0.0
0.0
0.0
0.0
0.0
0.0
0.0
0.0
0.0
0.0
0.0
0.0
0.0
0.0
0.0
0.0
0.0
0.0
0.0
