0.0
0.0
0.0
0.75737524
0.0
0.0
0.0
0.0
0.0
0.0
0.09889848
0.0
0.0
0.095554434
0.0
0.0
0.0
0.0
0.3441442
0.0
0.0
0.0
0.0
0.0
0.0
0.0
0.0
0.0
0.0
0.05706444
0.0
1.0087655
0.0
0.0
0.0
0.0
0.0
0.06028191
0.0
0.0
0.0
0.0
0.0
0.0
0.0
0.0
0.0
0.0
0.7122705
0.0
0.0
0.0
0.0
0.0
0.0
0.0
0.08870694
0.0
0.0
0.0
0.0
0.0
0.0
0.0
0.0
0.0
0.09770288
0.0
0.0
0.024256423
0.0
0.03923336
0.0
0.0
0.0
0.5261925
0.0
0.0
0.24156445
0.0
0.62105405
0.0
0.0
0.0
0.0
0.0
0.0
0.0
0.0
0.0
0.0
0.0
0.01770805
0.0
0.0
0.0
0.0
0.0
0.0
0.0
0.44476536
0.0
0.0
0.0
0.0
0.0
0.0
0.0
0.0
0.0
0.3707291
0.0
0.0
0.0
0.0
0.0
0.044505745
0.0
0.0
0.0
0.0
0.0
0.0
0.9449194
0.0
0.0
0.0
0.0
0.0
0.0
0.0
0.0
0.11330928
0.0
0.0
0.0
0.0
0.0
0.13758658
0.0
0.0
0.0
0.67155755
0.0
0.0
0.0
0.0
0.0
0.2480597
0.0
0.0
0.6508212
0.0
0.0
0.0
0.0
0.0
0.0
0.0
0.0
0.0
0.0
0.0
1.3917873
0.0
0.0
0.0
0.0
0.0
0.0
0.0
0.0
0.0
0.7718761
0.0
0.0
0.23961815
0.0
0.0
0.0
0.0
0.0
0.0
0.0
0.0
0.0
0.0
0.0
0.0
0.3738295
0.0
0.088172555
0.0
0.0
0.27286592
0.47751075
0.0
0.0
0.60735977
0.0
0.0
0.0
0.0
0.0
0.0
0.00058687106
0.0
0.0
0.0
0.0
0.0
0.0
0.0
0.0
0.0
0.0
0.0
0.0
0.0
0.0
0.0
0.10751351
0.0
0.0
0.0
0.0
0.0
0.1258295
0.0
0.0
0.0
0.0
0.7995937
0.0
0.0
0.0
0.0
0.0
0.0
0.0
0.0
0.105002455
0.0
0.0
0.5662503
0.0
0.0
0.35706878
0.0
0.0
0.0
0.0
0.0
0.117574856
0.0
0.0
0.0
0.0
0.0
0.0
0.51975304
1.5244977
0.09298995
0.0
0.0
0.0
0.0
0.0
0.0
0.0
0.0
0.0
0.11834052
0.0
0.0
0.38506243
0.0
0.0
0.0
0.16257614
0.0
0.0
0.0
0.0
0.0
0.0
0.0
0.0
0.0
0.0
0.0
0.0
0.0
0.0
0.0
0.0
0.0
0.497664
0.0
0.0
0.0
0.0
0.0
0.0
0.0
0.0
0.0
0.0
0.5414318
0.26034617
0.0
0.0
0.0
0.0
0.0
0.0
0.0
0.0
0.0
0.0
0.0
0.0
0.0
0.0
0.0
0.0
0.0
0.0
0.0
0.0
0.0
0.024972081
0.0
0.0
0.0
0.0
0.0
0.0
0.0
0.0
0.0
0.0
0.0
0.0
0.0
0.0
0.0
0.0
0.0
0.0
0.118658155
0.0
0.0
0.25799078
0.0
0.0
0.0
0.0
0.41006467
0.0
0.0
0.0
0.0
0.0
0.0
0.18116373
0.0
0.0
0.0
0.0
0.0
0.0
1.2344815
0.0
0.0
0.0
0.0
0.0
0.0
0.0
0.0
0.0
0.0
0.0
0.0
0.0
0.0
0.08670537
0.0
0.0
0.0
0.0
0.0
0.0
0.0
0.0
0.0
0.0
0.80933785
0.0
0.0
0.0
0.0
0.0
0.0
0.0
0.0
0.0
0.0
0.0
0.21752453
0.0
0.0
0.0
0.0
0.0
0.0
0.0
0.0
0.0
0.0
0.64761037
0.97537076
0.035977088
0.0
0.0
0.0
0.0
0.0
0.0
0.0
0.0
0.0
0.0
0.5519953
0.0
0.0
0.0
0.3524469
0.0
0.0
0.0
0.0
0.0
0.0
0.0
0.0
0.03473363
0.0
0.0
0.3803116
0.0
0.0
0.0
0.0
0.0
0.0
0.0
0.08634625
0.0
0.0
0.0
0.0
0.0
0.0
0.0
0.0
0.0
0.0
0.0
0.0
0.0
0.0
0.0
0.0
0.59992653
0.0
0.0
0.0
0.0
0.0
0.0
0.0
0.0
0.0
0.0
0.0
0.067233264
0.0
0.0
0.0
0.0
0.0
0.0
0.02049553
0.0
0.0
0.0
0.0
1.130541
0.54456
0.0
0.0
0.42946833
0.0
0.0
0.0
0.0
0.0
0.0
0.0
0.0
0.0
0.0
0.0
0.0
0.0
0.0
0.0
0.0
0.0
0.0
0.0
0.0
0.0
0.0
0.0
0.0
0.0
0.0
0.0
0.0
0.0
0.0
0.0
0.0
0.0
0.31505236
0.0
0.0
0.0
0.0
0.16727586
0.0
0.568489
0.0
0.0
0.0
0.0
0.0
0.0
0.0
0.0
0.0
0.0
0.0
0.0
0.0
0.0
0.0
0.0
0.0
0.21830726
0.0
0.0
0.0
0.0
0.0
0.0
0.0
0.0
0.0
0.0
0.50350195
0.0
0.0
0.0
0.0
0.0
0.0
0.0
0.0
0.0
0.0
0.0
0.10553278
0.0
0.0
0.0
0.0
0.0
0.0
0.0
0.0
0.0
0.0
0.0
0.0
0.0
0.0
