0.0
0.0
0.0
0.9183738
0.0
0.0
0.0
0.0
0.0
0.0
0.0
0.0
0.0
0.25844342
0.0
0.0
0.0
0.0
0.5973882
0.0
0.0
0.0
0.0
0.0
0.0
0.0
0.0
0.0
0.0
0.121028826
0.0
1.3777543
0.0
0.0
0.0
0.0
0.0
0.27264166
0.0
0.0
0.0
0.0
0.0
0.0
0.0
0.0
0.0
0.0
0.68411887
0.0
0.0
0.0
0.0
0.0
0.0
0.0
0.098441586
0.0
0.0
0.0
0.0
0.0
0.0
0.0
0.0
0.0
0.09750406
0.0
0.0
0.19990371
0.0
0.12669076
0.0
0.0
0.0
0.63881075
0.0
0.0
0.57742345
0.0
0.62910986
0.0
0.0
0.0
0.0
0.0
0.0
0.0
0.0
0.0
0.0
0.0
0.16905855
0.0
0.0
0.0
0.0
0.0
0.0
0.0
0.452587
0.0
0.0
0.0
0.0
0.0
0.0
0.0
0.0
0.0
0.6078503
0.0
0.0
0.0
0.0
0.0
0.02696742
0.0
0.0
0.0
0.0
0.14846824
0.0
0.931666
0.0
0.0
0.0
0.0
0.0
0.0
0.0
0.0
0.04229747
0.0
0.0
0.0
0.0
0.0
0.21311933
0.0
0.0
0.0
0.93712234
0.0
0.0
0.0
0.0
0.0
0.3167806
0.0
0.0
0.58405715
0.0
0.0
0.0
0.0
0.0
0.0
0.0
0.0
0.0
0.0
0.0
1.3498703
0.0
0.0
0.0
0.0
0.0
0.0
0.0
0.0
0.0
1.0583566
0.0
0.0
0.4419191
0.0
0.0
0.0
0.0
0.0
0.0
0.0
0.0
0.0
0.0
0.0
0.0
0.31164446
0.074729405
0.07918673
0.0
0.0
0.464808
0.5735389
0.0
0.0
0.6707995
0.0
0.0
0.0
0.0
0.0
0.13126162
0.27053657
0.0
0.0
0.0
0.0
0.0
0.0
0.0
0.0
0.0
0.0
0.0
0.0
0.0
0.0
0.0
0.3506916
0.0
0.0
0.0
0.0
0.0
0.20119491
0.0
0.0
0.0
0.0
0.9539585
0.0
0.0
0.0
0.0
0.0
0.0
0.0
0.0
0.09157249
0.0
0.0
0.49628496
0.0
0.0
0.43236157
0.0
0.0
0.0
0.0
0.0
0.0
0.0
0.0
0.0
0.0
0.0
0.0
0.4571725
1.6397845
0.17295262
0.0
0.0
0.0
0.0
0.0
0.0
0.0
0.0
0.0
0.21190533
0.0
0.0
0.5970508
0.0
0.0
0.0
0.3002209
0.0
0.0
0.0
0.0
0.0
0.0
0.0
0.0
0.0
0.0
0.0
0.0
0.0
0.0
0.0
0.0
0.0
0.7187152
0.0
0.0
0.0
0.0
0.0
0.0
0.0
0.0
0.0
0.0
0.49206766
0.48280588
0.0
0.0
0.0
0.0
0.0
0.0
0.0
0.0
0.0
0.0
0.0
0.0
0.0
0.0
0.0
0.0
0.0
0.0
0.0
0.0
0.0
0.14342168
0.0
0.0
0.0
0.0
0.0
0.0
0.0
0.0
0.0
0.0
0.0
0.0
0.0
0.0
0.0
0.0
0.0
0.0
0.2774098
0.0
0.0
0.3464966
0.0
0.0
0.0
0.0
0.30455983
0.0
0.0
0.0
0.005588338
0.0
0.0
0.13612504
0.0
0.0
0.0
0.0
0.0
0.0
1.2602817
0.0
0.0
0.0
0.0
0.0
0.0
0.0
0.0
0.0
0.0
0.0
0.0
0.0
0.0
0.2019157
0.0
0.0
0.0
0.0
0.0
0.0
0.0
0.0
0.0
0.0
1.1277412
0.0
0.0
0.0
0.0
0.0
0.0
0.0
0.0
0.0
0.0
0.0
0.07955921
0.0
0.0
0.0
0.0
0.0
0.0
0.0
0.0
0.0
0.0
0.62657094
1.2163999
0.116974555
0.0
0.0
0.0
0.0
0.0
0.0
0.0
0.0
0.0
0.0
0.43374476
0.0
0.0
0.0
0.5193969
0.0
0.0
0.0
0.0
0.0
0.0
0.0
0.0
0.027598813
0.0
0.0
0.32186547
0.0
0.0
0.0
0.0
0.0
0.0
0.0
0.33036268
0.0
0.0
0.0
0.0
0.0
0.0
0.0
0.0
0.0
0.0
0.0
0.0
0.0
0.0
0.0
0.0
0.4782933
0.0
0.0
0.0
0.0
0.0
0.0
0.0
0.0
0.0
0.056701493
0.0
0.15931426
0.1525884
0.0
0.0
0.0
0.0
0.0
0.012977969
0.0
0.0
0.0
0.0
1.2640557
0.7346261
0.0
0.0
0.39576668
0.0
0.0
0.0
0.0
0.00930272
0.0
0.0
0.0
0.0
0.0
0.0
0.0
0.0
0.0
0.0
0.0
0.0
0.0
0.17147088
0.0
0.0
0.0
0.0
0.118496
0.0
0.0
0.0
0.0
0.0
0.09481317
0.0
0.0
0.0
0.39403102
0.0
0.0
0.0
0.0
0.15359588
0.0
0.79322857
0.0
0.0
0.0
0.0
0.0
0.0
0.0
0.0
0.0
0.0
0.0
0.0
0.0
0.0
0.0
0.0
0.0
0.22780648
0.0
0.0
0.0
0.0
0.0
0.0
0.0
0.0
0.0
0.0
0.69630873
0.0
0.0
0.0
0.0
0.0
0.0
0.0
0.0
0.0
0.0
0.0
0.24540585
0.0
0.0
0.0
0.0
0.0
0.0
0.0
0.0
0.0
0.0
0.0
0.0
0.0
0.0
