0.0
0.0
0.04603099
1.4733841
0.0
0.0
0.2379295
0.0
0.0
0.014662212
0.0
0.0
0.0
0.5655334
0.0
0.7408496
0.0
0.0
1.642123
0.0
0.73213017
0.0
0.0
0.0
0.0
0.0
0.0
0.0
0.0
0.09764184
0.0
2.24479
0.0
0.0
0.0
0.0
0.0
0.6955363
0.0
0.0
0.0
0.33128488
0.0
0.0
0.0
0.0
0.0
0.58954465
0.614944
0.0
0.0
0.0
0.0
0.0
0.0
0.0
0.14845172
0.0
0.0
0.0
0.008830894
0.25265414
0.0
0.41571814
0.0
0.0
0.018185634
0.0
0.9044628
0.39568177
0.0
0.11262065
0.0
0.0
0.0
0.7718512
0.0
0.0
1.3761741
0.0
0.6266497
0.0
0.0
0.0
0.0
0.0
0.0
0.0
0.0
0.15529239
0.0
0.0
0.99054235
0.0
0.0
0.0
0.0
0.3810188
0.0
0.0
0.5296256
0.18884227
0.5713221
0.0
0.0
0.0
0.0
0.0
0.0
0.01754985
0.7662672
0.0
0.58879405
0.39696416
0.0
0.0
0.07327018
0.0
0.0
0.0
0.49605548
1.2220505
0.0
0.837932
0.0
0.0
0.0
0.0
0.6713772
0.0
0.0
0.0
0.0
0.0
0.0
0.0
0.0
0.0
0.30141628
0.0
0.0
0.0
1.4477777
0.0
0.0
0.0
0.0
0.0
0.87643135
0.0
0.0
0.68498397
0.0
0.0
0.0
0.0
0.0
0.0
0.0
0.0
0.0
0.5236438
0.0
1.7574779
0.0
0.0
0.0
0.0
0.0
0.22274381
0.0
0.0
0.0
1.5832843
0.0
0.0
0.9254458
0.0
0.0
0.0
0.0
0.0
0.0
0.0
0.0
0.0
0.0
0.0
0.13435799
0.0
1.2435687
0.0
0.0
0.0
1.3915514
0.5343576
0.0
0.0
0.80347294
0.0
0.18849176
0.0
0.0
0.0
0.7028132
1.0423449
0.0
0.0
0.0
0.0
0.0
0.055214018
0.0
0.0
0.0
0.0
0.0
0.0
0.0
0.0
0.0
0.8824679
0.0
0.0
0.0
0.0
0.06162892
0.13327757
0.0
0.0
0.13478145
0.065900944
1.5021603
0.0
0.0
0.0
0.0
0.12589745
0.0
0.0
0.31887028
0.0
0.0
0.0
0.0
0.0
0.0
0.6875628
0.0
0.0
0.0
0.0
0.0
0.0
0.0
0.0
0.0
0.0
0.0
0.0
0.4784312
2.3058538
0.38703644
0.0
0.0
0.0
0.0
0.25045702
0.0
0.0
0.14689411
0.0
0.45863113
0.0
0.0
0.8258083
0.0
0.0
0.0
0.5034331
0.0
0.0
0.43879473
0.0
0.0
0.0
0.017864283
0.76780283
0.0
0.04589701
0.0
0.0
0.0
0.22018445
0.0
0.0
0.0
1.6573002
0.0
0.0
0.0
0.0
0.0
0.0
0.0
0.22314152
0.0
0.0
0.18149152
1.5324507
0.0
0.0
0.0
0.0
0.2254571
0.0
1.1116127
0.7396159
0.0
0.0
0.0
0.0
0.0
0.14030638
0.71843827
0.0
0.0
0.0
0.0
0.0
0.04901076
0.20525265
0.0
0.0
0.0
0.0
0.3924166
0.0
0.0
0.0
0.0
0.0
0.0
0.0
0.0
0.0
0.0
0.0
0.0
0.33314636
0.69934577
0.0
0.0
0.21979213
0.0
0.0
0.0
0.0
0.0
0.0
0.0
0.0
0.73951054
0.0
0.0
0.0
0.0
0.0
0.0
0.0
0.0
0.0
1.7280815
0.0
0.0
0.0
0.0
0.0
0.0
0.0
0.0
0.0
0.0
0.0
0.0
0.0
0.053942107
0.66811717
0.0
0.0
0.0
0.0
0.0
0.0
0.0
0.0
0.21247445
0.0
1.5062368
0.0
0.0
0.0
0.0
0.0
0.0
0.0
0.0
0.0
0.0
0.0
0.0
0.0
0.0
0.0
0.0
0.0
0.85450804
0.0
0.07035233
0.0
0.0
0.14205916
1.7984432
0.54015243
0.0
0.0
0.0
0.0
0.59338886
0.0
0.0
0.51778907
0.0
0.22655328
0.0
0.0
0.0
0.0
0.5465941
0.0
0.0
0.0
0.0
0.0
0.0
0.073460095
0.0
0.0
0.0
0.0
0.0
0.0
0.0
0.0
0.0
0.0
0.0
0.0
1.0112059
0.10174689
0.9172205
0.28646338
0.0
0.2192374
0.0
0.0
0.0
0.0
0.0
0.32312918
0.0
0.0
0.0
0.0
0.0
0.4627606
0.0
0.0
0.0
0.0
0.0
0.0
0.0
0.0
0.0
0.7357654
0.0
0.20134352
1.4679046
0.0
0.0
0.0
0.047930613
0.0
0.024064112
0.0
0.0
0.0
0.0
1.8541756
0.8933529
0.0
0.0
0.58970654
0.0
0.0
0.0
0.0
0.9061699
0.0
0.0
0.0
0.0
0.18598586
0.0
0.0
0.0058561936
0.14651357
0.0
0.0
0.0
0.0
0.88966954
0.0
0.06850313
0.0
0.7264063
0.7362721
0.0
0.0
0.0
0.0
0.0
0.9154055
0.0
0.0
0.0
0.56589633
0.0
0.0
0.0
0.0
0.0
0.0
1.0206159
0.0
0.0
0.0
0.19928825
0.0
0.0
0.0
0.0
0.0
0.0
0.0
0.0
0.0
0.0
0.0
0.0
0.0
0.072505906
0.0
0.0
0.0
0.0
0.0
0.0
0.0
0.0
0.14724857
0.0
0.8366782
0.0
0.0
0.0
0.0
0.0
0.0
0.0
0.0
0.0
0.0
0.0
0.43512452
0.0
0.0
0.04515175
0.0
0.0
0.0
0.0
0.0
0.0
0.0
0.0
0.0
0.0
0.0
