0.0
0.0
0.7612375
1.2560064
0.0
0.0
0.4648044
0.0
0.0
0.71188074
0.0
0.0
0.0
0.9112813
0.0
1.2269746
0.0
0.0
1.8986621
0.0
1.0434451
0.0
0.0
0.0
0.0
0.0
0.0
0.0
0.0
0.009131849
0.0
2.773778
0.0
0.0
0.0
0.0
0.0
0.7509502
0.0
0.0
0.0
0.27181768
0.0
0.0
0.0
0.0
0.0
1.0672386
0.28846127
0.0
0.00790811
0.0
0.0
0.0
0.0
0.0
0.11791065
0.0
0.0
0.0
0.48579216
0.40460116
0.0
0.7003879
0.6479681
0.095056415
0.11419328
0.007630974
1.2741909
0.581965
0.0
0.25567606
0.0
0.0
0.0
0.86010915
0.0
0.0
1.8509017
0.0
0.44331184
0.0
0.0
0.0
0.0
0.0
0.0
0.0
0.0
0.62659913
0.0
0.0
0.9210675
0.59560144
0.0
0.0
0.0
0.77173114
0.0
0.0
0.2814334
0.18478939
0.40370417
0.69920343
0.0
0.0
0.0
0.0
0.0
0.686521
0.96867037
0.0
1.008221
0.9405873
0.0
0.0
0.15554519
0.0
0.0
0.25611755
0.9209465
1.4399939
0.0
0.6116346
0.0
0.16373459
0.0
0.51170975
1.0713507
0.0
0.0
0.0
0.0
0.0
0.0
0.0
0.0
0.0
0.5636272
0.6778301
0.0
0.0
1.8186445
0.0
0.0
0.0
0.0
0.0
1.0550504
0.0
0.0
0.78750706
0.0
0.34162185
0.42452374
0.0
0.0
0.0
0.0
0.0
0.0
1.0622106
0.0
1.4206583
0.0
0.0
0.0
0.0
0.0
0.40823263
0.0
0.0
0.0
2.0055714
0.0
0.0
1.3844248
0.0
0.0
0.0
0.0
0.0
0.0
0.0
0.6881832
0.0
0.4968
0.0
0.79507285
0.0
1.5313821
0.17690966
0.0
0.0
1.3784255
0.3506039
0.0
0.0
0.889053
0.16311485
0.28511778
0.0
0.0
0.0
1.0313021
1.206777
0.38416252
0.0
0.6908763
0.0
0.0
0.021168161
0.0
0.0
0.0
0.0
0.0
0.0
0.0
0.52239424
0.0
0.99690014
0.0
0.0
0.0
0.5372847
0.13736695
0.33838454
0.04991243
0.0
0.15252031
0.0
1.8487407
0.41233283
0.0
0.0
0.0
0.64503145
0.0
0.0
0.29407012
0.0
0.0
0.0
0.0
0.0
0.0
0.57435066
0.0
0.5557341
0.0
0.0
0.0
0.0
0.14977908
0.0
0.6244314
0.0
0.0
0.0
0.68580455
2.3454077
0.21159095
0.3601782
0.0
0.0
0.0
0.34222975
0.0
0.0
0.6888527
0.51923776
0.549451
0.40135205
0.0
1.0068839
0.0
0.0
0.0
0.38380983
0.0
0.0
0.91694933
0.0
0.0
0.0
0.05829513
1.0855875
0.0
0.0
0.0
0.0
0.0
0.6934635
0.0
0.0
0.0
1.7060058
0.0
0.0
0.0
0.0
0.0
0.0
0.12479034
0.34923327
0.0
0.0
0.060005322
1.7652719
0.0
0.0
0.0
0.0
0.71559554
0.0
1.4979943
1.2439685
0.0
0.0
0.0
0.0
0.0
0.07948792
0.92122406
0.0
0.0
0.0
0.0
0.0
0.062535204
0.6316558
0.0
0.0
0.0
0.0
0.388583
0.0
0.0
0.0
0.0
0.0
0.0
0.2101998
0.53222996
0.0
0.16864274
0.0
0.0
1.0246363
0.885684
0.0
0.0
0.317121
0.0
0.0
0.0
0.0
0.0
0.0
0.0
0.7664739
1.3661041
0.0
0.0
0.0
0.0
0.0
0.0
0.0
0.0
0.0
1.3933249
0.11455323
0.02985885
0.0
0.0
0.12506197
0.0
0.0
0.0
0.0
0.0
0.0
0.0
0.0
0.7219317
0.76982397
0.0
0.0
0.0
0.49100173
0.0
0.0
0.0
0.0
0.833436
0.0
1.793526
0.0
0.0
0.0
0.0
0.0
0.0
0.0
0.2204533
0.0
0.0
0.0
0.0
0.0
0.0
0.5528249
0.0
0.0
1.4099768
0.0
0.4889028
0.0
0.0
0.0
2.100411
0.7946933
0.0
0.0
0.0
0.0
1.050909
0.0
0.0
0.8828162
0.0
0.48183253
0.0
0.54582405
0.0
0.0
0.70804757
0.0
0.0
0.0
0.0
0.0
0.0
0.43098482
0.0
0.0
0.0
0.0
0.0
0.0
0.0
0.0
0.0
0.0
0.0
0.0
1.2667904
0.48204
1.1931763
0.18655576
0.0
0.23797908
0.0
0.0
0.0
0.0
0.0
0.081265844
0.38208598
0.0
0.0
0.0
0.0
0.54704416
0.0
0.0
0.0
0.0
0.0
0.0
0.0670232
0.0
0.0
0.7533215
0.0
0.4142447
1.7446334
0.0
0.0
0.0
0.8157871
0.0
0.017808888
0.388846
0.0
0.3004416
0.0
1.9198548
0.9911399
0.0
0.0
0.42183256
0.0
0.0
0.0
0.0
1.1233693
0.0
0.13487233
0.0
0.0
0.06349608
0.0
0.0
0.51796484
0.5766063
0.0
0.0
0.5083462
0.0
1.2012727
0.0
0.64932233
0.0
1.2827295
0.5341363
0.0
0.0
0.0
0.0
0.0
1.1086644
0.0
0.0
0.0
0.62424815
0.0
0.0
0.0
0.0
0.0
0.0
1.2805822
0.06662357
0.0
0.23122191
0.74331427
0.0
0.0
0.0
0.0
0.0
0.0
0.026415661
0.0
0.0
0.0
0.0
0.0
0.23321244
0.0
0.0
0.0
0.0
0.0
0.34929815
0.0
0.0
0.0
0.70750725
0.0
1.0205886
0.0
0.071297795
0.0
0.0
0.0
0.0
0.0
0.0
0.0
0.0
0.0
0.6887674
0.0
0.332928
0.5833561
0.0
0.0
0.0
0.0
0.0
0.54602355
0.0
0.0
0.0
0.0
0.0
