0.0
0.0
1.3635886
0.8545795
0.0
0.0
0.5696486
0.0
0.0
1.2367015
0.0
0.0
0.0
1.367824
0.0
1.718988
0.0
0.0
2.1541452
0.0
1.3463016
0.0
0.0
0.0
0.0
0.0
0.0
0.0
0.0
0.0
0.0
3.2163472
0.0
0.0
0.0
0.0
0.0
0.7170413
0.0
0.26374602
0.0
0.11097635
0.22989823
0.049891926
0.0
0.0
0.0
1.6156521
0.0
0.0
0.31672353
0.0
0.0
0.0
0.0
0.0
0.0
0.0
0.0
0.0
0.70534045
0.47047624
0.0
0.9269666
1.2072837
0.05499214
0.1640464
0.36204547
1.5440501
0.5960773
0.0
0.41142184
0.0
0.0
0.0
1.0017406
0.0
0.0
2.223491
0.0
0.20179397
0.20499209
0.0
0.0
0.0
0.0
0.0
0.0
0.0
1.0249498
0.0
0.0
0.7993415
1.043667
0.0
0.0
0.0
1.082242
0.0
0.0
0.0
0.047573905
0.08317252
1.2146505
0.0
0.0
0.0
0.0
0.0
1.2423795
1.1249585
0.0
1.4227171
1.5204041
0.0
0.0
0.36846465
0.0
0.0
0.74693674
1.42169
1.5284858
0.0
0.373284
0.0
0.31689766
0.0
0.7957376
1.3972082
0.0
0.0
0.0
0.0
0.0
0.0
0.0
0.0
0.0
0.9091522
1.2383463
0.0
0.0
1.9317261
0.1911461
0.0
0.020746656
0.0
0.0
1.3189993
0.0
0.0
1.0248121
0.0
0.7548978
0.9872068
0.0
0.0
0.0
0.0
0.0
0.0
1.6164912
0.0
1.3125856
0.0
0.0
0.0
0.0
0.0
0.46794802
0.0
0.0
0.0
2.2419658
0.0
0.0
1.9132185
0.0
0.0
0.0
0.0
0.0
0.0
0.0
1.3108715
0.0
0.9318966
0.0
1.3645649
0.0
1.7290615
0.36114067
0.0
0.0
1.3412912
0.46659797
0.0
0.0
1.1190721
0.7089896
0.27274668
0.0
0.0
0.0
1.1981268
1.2970133
0.7552091
0.0
1.3395312
0.0
0.0
0.0
0.0
0.0
0.0
0.0
0.0
0.0
0.0
0.9206816
0.0
0.95317364
0.0
0.0
0.0
1.0317312
0.0
0.47288305
0.059176933
0.0
0.17188005
0.0
2.08815
0.81488836
0.0
0.0
0.0
1.1784691
0.0
0.0
0.18663386
0.0
0.0
0.0
0.0
0.0
0.0
0.3901646
0.0
0.953782
0.0
0.0
0.0
0.0
0.67671335
0.0
1.2356062
0.0
0.0
0.0
0.996621
2.7352557
0.0
0.90378094
0.0
0.0
0.0
0.34374273
0.0
0.0
1.2341181
1.055391
0.67272484
0.7723136
0.0
1.2344593
0.0
0.0
0.0
0.1562524
0.0
0.0
1.3479813
0.0
0.0
0.0
0.0
1.3809195
0.0
0.0
0.0
0.0
0.0
1.019946
0.0
0.0
0.0
1.7363715
0.0
0.0
0.0
0.0
0.0
0.0
0.08203336
0.4619349
0.0
0.0
0.06199199
1.9766067
0.0
0.0
0.0
0.02977956
1.2319233
0.0
1.7662861
1.8500835
0.0
0.0
0.0
0.0
0.0
0.0
0.98549587
0.0
0.0
0.0
0.0
0.14827886
0.0
0.95828956
0.0
0.0
0.0
0.0
0.26069406
0.18439388
0.0
0.15747562
0.0
0.0
0.0
0.51067173
1.0731286
0.0
0.3619328
0.0
0.0
1.6384267
1.1616293
0.0
0.0
0.3466974
0.0
0.0
0.0
0.15490706
0.0
0.0
0.0
1.3949653
1.816959
0.0
0.0
0.0
0.0
0.056077816
0.0
0.0
0.0
0.0
1.2561066
0.2568092
0.5388054
0.0
0.0
0.4779001
0.0
0.0
0.0
0.0
0.0
0.0
0.0
0.0
1.2163202
0.69956076
0.0
0.0
0.0
0.9174899
0.0
0.0
0.0
0.0
1.4122137
0.0
1.901285
0.0
0.0
0.0
0.0
0.0
0.0
0.0
0.5090511
0.0
0.0
0.0
0.0
0.0
0.0
0.91097146
0.0
0.0
1.8724849
0.0
1.0062009
0.0
0.0
0.0
2.3645487
1.1065987
0.0
0.0
0.0
0.0
1.5241605
0.0
0.0
1.3243128
0.0
0.6848326
0.0
1.079897
0.16922246
0.021376573
0.7791539
0.0
0.0
0.0
0.0
0.044792376
0.13658981
0.6475439
0.0
0.0
0.0
0.0
0.0
0.0
0.0
0.0
0.0
0.0
0.0
0.0
1.532964
0.869052
1.4130515
0.0
0.0
0.12706065
0.0
0.0
0.0
0.0
0.0
0.0
0.67002505
0.0
0.0
0.0
0.0
0.7065001
0.0
0.0
0.0
0.0
0.0
0.0
0.22548598
0.0
0.0
0.6374328
0.0
0.62270355
1.8423752
0.0
0.0
0.0
1.4206456
0.0
0.0
0.5800817
0.0
0.7679421
0.0
2.0820386
0.7790613
0.0
0.0
0.42930707
0.0
0.0
0.0
0.0
1.2439455
0.0
0.15656973
0.0
0.0
0.0
0.0
0.0
0.93389153
1.0282711
0.0
0.0
0.9945986
0.0
1.4501202
0.0
1.0103492
0.0
1.8808042
0.10714916
0.0
0.0
0.0
0.0
0.0
1.1711365
0.0
0.0
0.0
0.7715384
0.0
0.35115182
0.0
0.0
0.0
0.0
1.537352
0.2365538
0.0
0.48903516
1.1209455
0.24102694
0.0
0.0
0.0
0.0
0.0
0.008964261
0.0
0.0
0.0
0.0
0.0
0.6476989
0.0
0.0
0.0
0.0
0.0
0.59775674
0.0
0.2786333
0.0
1.2964951
0.0
1.2304798
0.068977915
0.2590134
0.0
0.0
0.0
0.0
0.0
0.0
0.0
0.0
0.0
1.0019189
0.0
0.710278
1.1843174
0.0
0.0
0.0
0.046532035
0.0
0.95423037
0.0
0.0
0.0
0.0
0.0
