0.0
0.0
1.735937
0.32350355
0.0
0.0
0.6003211
0.0
0.0
1.5648993
0.0
0.0
0.037772447
1.8010794
0.0
2.0683594
0.0
0.0
2.225964
0.0
1.5231107
0.0
0.0
0.0
0.0
0.0
0.0
0.0
0.0
0.0
0.0
3.4620264
0.0
0.0
0.0
0.0
0.0
0.63232595
0.0
0.48928785
0.0
0.0
0.6537088
0.3596404
0.0
0.0
0.26182696
1.9718517
0.0
0.0
0.60696495
0.0
0.0
0.0
0.0
0.0
0.0
0.0
0.0
0.07304271
0.75745964
0.48648068
0.0
1.0443915
1.5444111
0.0
0.25589737
0.696351
1.7510544
0.58365387
0.0
0.6205886
0.0
0.0
0.0
1.1693752
0.0
0.0
2.3570714
0.0
0.0
0.5171942
0.0
0.0
0.0
0.0
0.0
0.0
0.0
1.2120972
0.0
0.0
0.5946437
1.297246
0.0
0.0
0.0
1.2781035
0.0
0.16762397
0.0
0.0
0.0
1.5191362
0.0
0.0
0.0
0.050281227
0.0
1.6016246
1.209834
0.0
1.7747504
2.0217605
0.0
0.0
0.6697318
0.0
0.0
1.0596557
1.8189845
1.4847642
0.0
0.071762174
0.0
0.35922688
0.22844718
0.89974874
1.7309015
0.0
0.0
0.0
0.0
0.0
0.0
0.0
0.0
0.0
1.324548
1.6210215
0.0
0.0
1.8018914
0.37689722
0.0
0.46636984
0.0
0.0
1.6551601
0.0
0.0
1.3725823
0.0
0.9962094
1.4255688
0.0
0.0
0.0
0.12945381
0.28404945
0.0
1.9810112
0.0
1.1906921
0.0
0.0
0.11198734
0.0
0.18799844
0.49492687
0.0
0.0
0.0
2.3199623
0.0
0.0
2.3741772
0.0
0.0
0.0
0.0
0.0
0.20455168
0.0
1.6946725
0.0
1.2624344
0.0
1.705201
0.0
1.7699897
0.6025764
0.0
0.0
1.2307291
0.66398287
0.0
0.0
1.3065109
1.3451598
0.18922094
0.0
0.0
0.0
1.2287022
1.3054135
1.1454176
0.0
1.775761
0.0
0.0
0.0
0.0
0.0
0.0
0.0
0.29893097
0.0
0.0
1.1394073
0.0
0.82941735
0.0
0.0
0.0
1.2562523
0.0
0.6217957
0.12324348
0.0
0.20759568
0.0
2.1991415
1.1127317
0.0
0.0
0.0
1.5863738
0.0
0.0
0.0
0.0
0.0
0.0
0.0
0.0
0.0
0.22106619
0.12544222
1.0747675
0.0
0.0
0.0
0.0
1.0901291
0.0
1.645914
0.0
0.0
0.0
1.374771
3.1910338
0.0
1.429919
0.0
0.0
0.0
0.31288493
0.0
0.089133754
1.6016746
1.4327613
0.727142
0.96060365
0.0
1.4203806
0.19755755
0.0
0.0
0.0
0.0
0.0
1.6518427
0.0
0.0
0.0
0.0
1.5375819
0.0
0.0
0.0
0.0
0.0
1.1489341
0.10022858
0.12387679
0.2632953
1.7093332
0.0
0.0
0.0
0.0
0.0
0.0
0.0
0.5202408
0.0
0.0
0.12319535
2.0288486
0.0
0.02357724
0.0
0.38215324
1.5983728
0.0
1.8821536
2.3829541
0.0
0.0
0.005384844
0.0
0.0
0.0
1.0055437
0.0
0.0
0.0
0.0
0.39599776
0.0
1.2215005
0.18400419
0.0
0.0
0.0
0.013685111
0.49244377
0.0
0.40988097
0.0
0.0
0.0
0.7719513
1.4666148
0.0
0.47395715
0.0
0.0
2.1111877
1.3744489
0.0
0.0
0.36737293
0.0
0.0
0.0
0.5786034
0.0
0.0
0.0
1.7988881
2.0537808
0.0
0.0
0.0
0.0
0.31663117
0.0
0.0
0.047886543
0.20830959
1.1217363
0.36371687
0.82129735
0.0
0.0
0.85726094
0.0
0.0
0.0
0.0
0.0
0.0
0.0903538
0.0
1.5003968
0.5362761
0.0
0.0
0.0
1.2456472
0.0
0.0
0.0
0.0
1.8964225
0.0
1.8388788
0.0
0.0
0.0
0.0
0.0
0.0
0.0
0.8444158
0.0
0.019155525
0.12406048
0.0
0.0
0.0
1.0553056
0.0
0.0
2.1404212
0.0
1.455806
0.0
0.0
0.0
2.484906
1.4716438
0.0
0.0
0.0
0.0
1.8087099
0.0
0.0
1.644828
0.0
0.8257931
0.0
1.4912814
0.58727074
0.0
0.76066244
0.0
0.0
0.0
0.0
0.5084214
0.5020219
0.782739
0.0
0.0
0.0058653504
0.0
0.0
0.03191477
0.0
0.0
0.0
0.0
0.0
0.0
1.7199633
1.141412
1.5972139
0.0
0.0
0.0
0.0
0.0
0.0
0.0
0.0
0.0
0.8260027
0.0
0.0
0.0
0.0
0.86353195
0.0
0.0
0.0
0.102620095
0.0
0.0
0.43650627
0.0
0.0
0.48820186
0.0
0.8935282
1.816375
0.0
0.0
0.0
1.8105925
0.24080262
0.0
0.5469638
0.15975644
1.0980335
0.0
2.189244
0.36318102
0.0
0.1772763
0.44742924
0.0
0.0
0.0
0.0
1.1494952
0.0
0.0
0.0
0.0
0.0
0.0
0.0
1.1561428
1.3452691
0.0
0.0
1.3943391
0.0
1.7204043
0.0
1.2138606
0.0
2.400533
0.0
0.0
0.0
0.0
0.0
0.0
1.2172962
0.0
0.0
0.0
0.8393945
0.0
0.7246404
0.0
0.0
0.0
0.0
1.6971208
0.40125132
0.0
0.6330503
1.250988
0.49642512
0.14940862
0.0
0.0
0.0
0.0
0.0
0.0
0.0
0.0
0.0
0.14635566
0.96627873
0.0
0.0
0.0
0.0
0.0
0.6539979
0.0
0.66047466
0.0
1.6960471
0.0
1.4212668
0.40019026
0.4732077
0.0
0.0
0.0
0.0
0.0
0.0
0.0
0.0
0.0
1.3716575
0.0
1.0147289
1.6549056
0.0
0.0
0.0
0.19902122
0.0
1.1704141
0.0
0.0
0.0
0.0
0.0
