0.0
0.0
0.5927772
0.40302646
0.0
0.0
0.7829256
0.0
0.0
0.56555593
0.0
0.0
0.0
0.8193582
0.0
1.3858173
0.0
0.0
2.1908438
0.0
0.9490368
0.0
0.0
0.0
0.0
0.0
0.0
0.0
0.0
0.0
0.0
2.771647
0.0
0.0
0.0
0.0
0.0
0.50218594
0.0
0.0
0.0
0.0
0.0
0.0
0.0
0.0
0.0
0.9929279
0.086511314
0.0
0.0
0.0
0.0
0.0
0.0
0.0
0.0
0.0
0.0
0.0
0.46526974
0.553865
0.0
0.841346
0.4194841
0.0816272
0.23731424
0.21751106
1.5901161
0.5968225
0.0
0.077342466
0.0
0.0
0.0
0.5526349
0.0
0.0
1.7969947
0.0
0.24427657
0.048440866
0.0
0.0
0.0
0.0
0.0
0.0
0.0
0.66394067
0.0
0.0
1.0180527
0.4930089
0.0
0.0
0.0
0.8402861
0.0
0.0
0.011934046
0.4302501
0.0
0.6011237
0.0
0.0
0.0
0.0
0.0
0.6670674
0.5569277
0.0
1.134435
1.5351135
0.0
0.0
0.26298043
0.0
0.0
0.2618034
0.95626235
1.5658526
0.0
0.13787085
0.0
0.3328593
0.0
0.2905078
1.197465
0.0
0.0
0.0
0.0
0.0
0.0
0.0
0.0
0.0
0.5227948
0.6241088
0.0
0.0
1.5439737
0.0
0.0
0.0
0.0
0.0
1.8174758
0.0
0.0
1.3137437
0.0
0.26445502
0.5464568
0.0
0.0
0.0
0.0
0.0
0.0
0.988134
0.0
1.4275645
0.0
0.0
0.0
0.0
0.0
0.7401843
0.0
0.0
0.0
1.8244057
0.0
0.0
1.2427385
0.0
0.0
0.0
0.0
0.0
0.0
0.0
0.63998824
0.0
0.26236022
0.0
0.6480125
0.0
1.5548116
0.016081605
0.0
0.0
1.2631254
0.2980895
0.0
0.0
0.6314961
0.40235394
0.40241745
0.0
0.0
0.0
0.58208704
1.3136492
0.9501328
0.0
0.70688957
0.0
0.0
0.0
0.0
0.0
0.0
0.0
0.0
0.0
0.0
0.50979114
0.0
0.7321773
0.0
0.0
0.0
0.28613558
0.0
0.18772155
0.0
0.0
0.09840287
0.0
1.5605831
0.0
0.0
0.0
0.0
0.31693858
0.0
0.0
0.0
0.0
0.0
0.0
0.0
0.0
0.0
0.43021554
0.0
0.21778855
0.0
0.0
0.0
0.0
0.24458385
0.0
0.79623073
0.0
0.0
0.0
0.80497766
2.8184855
0.0
0.37455216
0.0
0.0
0.0
0.4454595
0.0
0.0
0.63300425
0.7227183
0.55609655
0.20886028
0.0
0.8109995
0.0
0.0
0.0
0.3054506
0.0
0.0
0.9129705
0.0
0.0
0.0
0.0
0.861613
0.0
0.0
0.0
0.0
0.0
0.43979144
0.0
0.0
0.0
1.3861879
0.0
0.0
0.0
0.0
0.0
0.0
0.061483324
0.66787416
0.0
0.0
0.0
2.0222518
0.0
0.0
0.0
0.0
0.82864904
0.0
1.5697595
1.716978
0.0
0.0
0.0
0.0
0.0
0.0
1.1533514
0.0
0.0
0.0
0.0
0.0
0.0
0.51765186
0.0
0.0
0.0
0.0
0.37678212
0.40641218
0.0
0.0
0.0
0.0
0.0
0.5355629
0.4591104
0.0
0.3947146
0.0
0.0
1.2586186
0.39790004
0.0
0.0
0.34978902
0.0
0.0
0.0
0.0
0.0
0.0
0.0
0.6053282
1.4862349
0.0
0.0
0.0
0.0
0.09111735
0.0
0.0
0.0
0.0
1.5210439
0.334992
0.0
0.0
0.0
0.0
0.0
0.0
0.0
0.0
0.0
0.0
0.0
0.0
0.59969693
0.44293016
0.0
0.0
0.0
0.18942997
0.10912794
0.0
0.0
0.0
0.91949046
0.0
1.7365358
0.0
0.0
0.0
0.0
0.0
0.0
0.0
0.4690539
0.0
0.0
0.0
0.0
0.0
0.0
0.35418156
0.0
0.0
1.4869539
0.0
0.2691272
0.0
0.0
0.0
1.9767381
1.2395769
0.0
0.0
0.0
0.0
0.94348013
0.0
0.0
0.9818388
0.0
0.5745567
0.0
0.15727577
0.11537643
0.0
0.2605884
0.0
0.0
0.0
0.0
0.0
0.0
0.5996441
0.0
0.0
0.0
0.0
0.0
0.0
0.0
0.0
0.0
0.0
0.0
0.0
1.5059639
0.4618528
1.4020171
0.0
0.0
0.27065337
0.0
0.0
0.0
0.0
0.0
0.0
0.4070298
0.0
0.0
0.0
0.0
0.8637118
0.0
0.0
0.0
0.0
0.0
0.0
0.33350235
0.0
0.0
0.98111635
0.0
0.4267165
1.7652701
0.0
0.0
0.0
0.67665696
0.035998527
0.32543594
0.22340262
0.0
0.5857399
0.0
2.2053943
0.7046027
0.0
0.0
0.13333887
0.0
0.0
0.0
0.0
0.59265906
0.0
0.0
0.0
0.0
0.0
0.0
0.0
0.4578151
0.1888586
0.0
0.0
0.24249096
0.0
1.3961241
0.0
0.5606228
0.0
1.5700672
0.023657685
0.0
0.0
0.0
0.0
0.0
1.0883536
0.0
0.0
0.0
0.04843619
0.0
0.0
0.0
0.0
0.0
0.0
0.9500377
0.0
0.0
0.28576958
0.46971607
0.11428621
0.0
0.0
0.0
0.0
0.0
0.08688791
0.0
0.0
0.0
0.0
0.0
0.0
0.0
0.0
0.0
0.0
0.0
0.21692254
0.0
0.0
0.0
0.5990824
0.0
0.8481792
0.0
0.0
0.0
0.0
0.0
0.0
0.0
0.0
0.0
0.0
0.0
0.567895
0.0
0.19273143
0.6286353
0.0
0.0
0.0
0.0
0.0
0.42350885
0.0
0.0
0.0
0.0
0.0
