0.0
0.0
0.0
0.24646868
0.0
0.0
0.617144
0.0
0.0
0.0
0.0
0.0
0.0
0.3881097
0.0
0.8980522
0.0
0.0
1.8237907
0.0
0.37872007
0.0
0.0
0.0
0.0
0.0
0.0
0.0
0.0
0.0
0.0
2.4937446
0.0
0.0
0.0
0.0
0.0
0.14827658
0.0
0.0
0.0
0.0
0.0
0.0
0.0
0.0
0.0
0.47168243
0.16686395
0.0
0.0
0.0
0.0
0.0
0.0
0.0
0.0
0.0
0.0
0.0
0.25666153
0.41165063
0.0
0.5284871
0.0
0.0
0.2721004
0.0
1.0721246
0.5168489
0.0
0.047051385
0.0
0.0
0.0063236514
0.41343024
0.0
0.0
1.4908545
0.0
0.23315048
0.0
0.0
0.0
0.0
0.0
0.0
0.0
0.0
0.34727922
0.0
0.0
0.9049556
0.0
0.0
0.0
0.0
0.5220348
0.0
0.0
0.21746658
0.5309505
0.0
0.0
0.0
0.0
0.0
0.0
0.0
0.0
0.35030013
0.0
0.637533
0.9212664
0.0
0.0
0.14332682
0.0
0.0
0.0
0.47017148
1.1533053
0.0
0.1804994
0.0
0.023223095
0.0
0.0
0.6674075
0.0
0.0
0.0
0.0
0.0
0.0
0.0
0.0
0.0
0.2223885
0.0
0.0
0.0
1.4628949
0.0
0.0
0.0
0.0
0.0
1.6868764
0.0
0.0
1.2965803
0.0
0.0
0.0
0.0
0.0
0.0
0.0
0.0
0.0
0.44528985
0.0
1.388189
0.0
0.0
0.0
0.0
0.0
0.5496612
0.0
0.0
0.0
1.6926459
0.0
0.0
0.9324421
0.0
0.0
0.0
0.0
0.0
0.0
0.0
0.0
0.0
0.0
0.0
0.0
0.0
0.99620473
0.0
0.0
0.0
0.9006077
0.22393504
0.0
0.0
0.3930234
0.0
0.42960596
0.0
0.0
0.0
0.3023712
1.0039603
0.60742414
0.0
0.0
0.0
0.0
0.0
0.0
0.0
0.0
0.0
0.0
0.0
0.0
0.0891715
0.0
0.40298724
0.0
0.0
0.0
0.0
0.0
0.16991651
0.0
0.0
0.0
0.0
1.1966268
0.0
0.0
0.0
0.0
0.0
0.0
0.0
0.0
0.0
0.0
0.0
0.0
0.0
0.0
0.3420416
0.0
0.0
0.0
0.0
0.0
0.0
0.0
0.0
0.08041481
0.0
0.0
0.0
0.714165
2.4982913
0.0
0.0
0.0
0.0
0.0
0.41327772
0.0
0.0
0.0
0.04367125
0.4512118
0.0
0.0
0.6599185
0.0
0.0
0.0
0.2546662
0.0
0.0
0.48683277
0.0
0.0
0.0
0.0
0.29898196
0.0
0.0
0.0
0.0
0.0
0.0
0.0
0.0
0.0
0.819656
0.0
0.0
0.0
0.0
0.0
0.0
0.0
0.6564302
0.0
0.0
0.0
1.6936616
0.0
0.0
0.0
0.0
0.37536156
0.0
0.9671852
1.1892718
0.0
0.0
0.0
0.0
0.0
0.0
0.814102
0.0
0.0
0.0
0.0
0.0
0.0
0.45833427
0.0
0.0
0.0
0.0
0.21909992
0.30833253
0.0
0.0
0.0
0.0
0.0
0.2653759
0.0
0.0
0.34374028
0.0
0.0
0.8807339
0.046929628
0.0
0.0
0.439443
0.0
0.0
0.0
0.0
0.0
0.0
0.0
0.0
1.2181478
0.0
0.0
0.0
0.0
0.017932259
0.0
0.0
0.0
0.0
1.4470005
0.45597488
0.0
0.0
0.0
0.0
0.0
0.0
0.0
0.0
0.0
0.0
0.0
0.0
0.0
0.3472458
0.0
0.0
0.0
0.0
0.064771816
0.0
0.0
0.0
0.41332504
0.0
1.6758586
0.0
0.0
0.0
0.0
0.0
0.0
0.0
0.3528138
0.0
0.0
0.0
0.0
0.0
0.0
0.0
0.0
0.0
0.94388145
0.0
0.0
0.0
0.0
0.0
1.6474569
1.1428478
0.0
0.0
0.0
0.0
0.4737273
0.0
0.0
0.52453756
0.0
0.30501825
0.0
0.0
0.0
0.0
0.21241154
0.0
0.0
0.0
0.0
0.0
0.0
0.55266494
0.0
0.0
0.0
0.0
0.0
0.0
0.0
0.0
0.0
0.0
0.0
0.0
1.2523799
0.0
0.91982293
0.0
0.0
0.1719149
0.0
0.0
0.0
0.0
0.0
0.0
0.03384322
0.0
0.0
0.0
0.0
0.84397
0.0
0.0
0.0
0.0
0.0
0.0
0.20370014
0.0
0.0
0.81902194
0.0
0.39562595
1.2368336
0.0
0.0
0.0
0.0
0.0054978244
0.466869
0.0
0.0
0.1992358
0.0
2.0047383
0.95895326
0.0
0.0
0.049155243
0.0
0.0
0.0
0.0
0.0
0.0
0.0
0.0
0.0
0.0
0.0
0.0
0.09575347
0.0
0.0
0.0
0.0
0.0
1.0413694
0.0
0.14257768
0.0
0.9553103
0.0
0.0
0.0
0.0
0.0
0.0
0.7003378
0.0
0.0
0.0
0.0
0.0
0.0
0.0
0.0
0.0
0.0
0.73260945
0.0
0.0
0.110803664
0.07880487
0.0
0.0
0.0
0.0
0.0
0.0
0.14448223
0.0
0.0
0.0
0.0
0.0
0.0
0.0
0.0
0.0
0.0
0.0
0.0
0.0
0.0
0.0
0.0
0.0
0.72291327
0.0
0.0
0.0
0.0
0.0
0.0
0.0
0.0
0.0
0.0
0.0
0.27771047
0.0
0.0
0.0116328485
0.0
0.0
0.0
0.0
0.0
0.0
0.0
0.0
0.0
0.0
0.0
