0.0
0.0
0.0
1.0040469
0.0
0.0
0.0
0.0
0.0
0.0
0.8478223
0.0
0.0
0.0
0.31139332
0.0
0.17754808
0.0
0.11767423
0.0
0.0
0.0
0.14970946
0.0
0.0
0.0
0.0
0.0
0.0
0.0
0.0
0.0
0.0
0.0
0.16890919
0.0
0.0
0.0
0.0
0.0
0.24494661
0.0
0.0
0.0
0.0
0.0
0.0
0.0
0.4119257
0.0
0.0
0.0
0.0
0.0
0.0
0.114598036
0.0
0.0
0.0
0.0
0.0
0.14509198
0.0
0.0
0.0
0.0
0.0
0.0
0.0
0.0
0.0
0.22694084
0.0
0.0
0.0
0.0
0.0
0.0
0.0
0.3291536
0.76551914
0.0
0.0
0.0
0.0
0.0
0.87242997
0.11758763
0.0
0.0
0.0
0.0
0.0
0.0
0.0
0.0
0.0
0.0
0.0
0.0
0.58625555
0.0
0.0
0.0
0.0
0.0
0.18348303
0.0
0.0
0.0
0.0
0.0
0.0
0.0
0.0
0.1287293
0.29624256
0.0
0.0
0.0
0.0
0.0
0.0
0.23264784
0.0
0.0
0.0
0.0
0.0
0.0
0.0
0.0
0.0
0.0
0.09292188
0.0
0.0
0.0
0.0
0.0
0.0
0.0
0.0
0.0
0.0
0.0
0.0
0.0
1.4079534
0.0
0.0
1.5743815
0.0
0.0
0.0
0.0
0.0
0.05239091
0.0
0.0
0.0
0.0
0.0
2.3991241
0.0
0.0
0.0
0.0
0.0
0.0
0.0
0.0
0.0
0.0
0.0
0.0
0.12860823
0.0
0.0
0.0
0.0
0.0
0.0
0.0
0.0
0.0
0.0
0.0
0.0
0.4526621
0.0
0.564214
0.0
0.0
0.19005431
0.39217854
0.066711456
0.0
0.7132684
0.0
0.0
0.0
0.2553426
0.29570884
0.0
0.0
0.0
0.0
0.0
0.0
0.0
0.0
0.0
0.0
0.0
0.0
0.0
0.0
0.0
0.0
0.0
0.0
0.0
0.0
0.0
0.0
0.0
0.0
0.0
0.0
0.0
0.0
0.0
0.0
0.0
0.0
0.15189853
0.0
0.0
0.17496365
0.0
0.21615703
0.0
0.0
0.16079971
0.19599019
0.0
0.21711144
0.0
0.0
0.26398692
0.0
0.1590751
0.43352628
0.0
0.0
0.0
0.0
0.0
0.0
0.82053643
1.338442
0.0
0.0
0.0
0.0
0.0
0.013164714
0.0
0.0
0.0
0.0
0.0
0.0
0.0
0.0
0.0
0.0
0.0
0.0
0.0
0.0
0.0
0.0
0.0
0.0
0.0
0.0
0.02152386
0.0
0.0
0.0
0.13970166
0.0
0.0
0.0
0.0
1.1346829
0.0
0.0
0.0
0.6130163
0.0
0.0
0.0
0.0
0.0
0.056146674
0.0
0.13223386
0.0
0.0
0.0
0.0
0.0
0.0
0.0
0.05205244
0.0
0.0
0.0
0.0
0.0
0.060422756
0.0
0.0
0.0
0.0
0.0
0.0
0.0
0.0
0.0
0.0
0.0
0.0
0.0
0.0
0.0
0.0
0.0
0.0
0.0
0.0
0.0
0.0
0.0
0.0
0.0
0.0
0.16444647
0.0
0.0
0.0
0.2889043
0.0
0.0
0.0
1.3322376
0.0
0.0
0.0
0.0
0.0
0.0
0.051163856
0.0
0.0
0.0
0.0
0.0
0.0
1.185733
0.20009069
0.0
0.0
0.0
0.0
0.0
0.0
0.0
0.0
0.0
0.0
0.0
0.0
0.0
0.118362255
0.0
0.0
0.0
0.0
0.0
0.0
0.0
0.0
0.0
0.0
0.0
0.0
0.0
0.0
0.16502528
0.0
0.0
0.0
0.0
0.0
0.0
0.10409631
0.76508814
0.0
0.0
0.0
0.0
0.0
0.0
0.0
0.0
0.30572054
0.12199637
0.0
0.0698951
0.7622846
0.08921883
0.0
0.0
0.0
0.0
0.0
0.0
0.0
0.0
0.1394489
0.51529676
0.0
0.0
0.0
0.0
0.0
0.0
0.0
0.0
0.0
0.0
0.0
0.0
0.0
0.0
0.0
0.0
0.0
0.0
0.0
0.0
0.0
0.0
0.0
0.0
0.0
0.0
0.0
0.0
0.0
0.0
0.12382085
0.0
0.0
0.0
0.0
0.0
0.0
0.0
0.0
0.0
1.3607701
0.052639514
0.0
0.0
0.0
0.0
0.0
0.0
0.0
0.0
0.0
0.0
0.0
0.0
0.0
0.0
0.0
0.0
0.05724582
0.8425227
0.0
0.0
0.0
0.0
0.6456884
0.0
0.0
0.0
0.4292726
0.0
0.0
0.0
0.0
0.0
0.054962263
0.19172196
0.0
0.17745447
0.0
0.0
0.0
0.0
0.0
0.06944919
0.0
0.0
0.0
0.0
0.0
0.0
0.0
0.0
0.0
0.10239067
0.0
0.0
0.0
0.0
0.0
0.0
0.0
0.0
0.0
0.10648851
0.0
0.0
0.26731026
0.273469
0.0
0.0
0.0
0.0
0.0
0.0
0.0
0.0
0.0
0.0
0.0
0.0
0.0
0.0
0.19154586
0.0
0.0
0.0
0.0
0.151579
0.0
0.0
0.0
0.0
0.0
0.0
0.0
0.0
0.0
0.0
0.0
0.0
0.0
0.0
0.0
0.0
0.0
0.0
0.0
0.0
0.0
0.49799946
0.057796933
0.0
0.0
0.0
0.0
0.0
0.0
0.0
0.0
0.0
0.0
0.0
0.0
0.0
0.0
