0.0
0.0
0.0
0.2682906
0.0
0.0
0.18418638
0.0
0.0
0.0
0.0
0.0
0.0
0.14301883
0.0
0.10392241
0.0
0.0
1.0701076
0.0
0.0
0.0
0.0
0.0
0.0
0.0
0.0
0.0
0.0
0.033200573
0.0
2.052816
0.0
0.0
0.0
0.0
0.0
0.0
0.0
0.0
0.0
0.0
0.0
0.0
0.0
0.0
0.0
0.0
0.12993483
0.0
0.0
0.0
0.0
0.0
0.0
0.0
0.0
0.0
0.0
0.0
0.009129517
0.10175793
0.0
0.06651348
0.0
0.0
0.29913995
0.0
0.21464427
0.29921487
0.0
0.2932619
0.0
0.0
0.10494039
0.427628
0.0
0.0
1.1225814
0.0
0.022664666
0.0
0.0
0.0
0.0
0.0
0.0
0.0
0.0
0.0
0.0
0.0
0.48692447
0.0
0.0
0.0
0.0
0.027704064
0.0
0.0
0.30473965
0.3313933
0.0
0.0
0.0
0.0
0.0
0.0
0.0
0.0
0.36768723
0.0
0.018272016
0.0
0.0
0.0
0.16141626
0.0
0.0
0.0
0.0
0.31208315
0.0
0.14924088
0.0
0.0
0.0
0.0
0.09269157
0.0
0.0
0.0
0.5441334
0.0
0.0
0.0
0.0
0.0
0.156628
0.0
0.0
0.0
1.2120382
0.0
0.0
0.0
0.0
0.0
1.1960171
0.0
0.0
1.2586915
0.0
0.0
0.0
0.0
0.0
0.0
0.0
0.0
0.0
0.0
0.0
1.3670213
0.0
0.0
0.0
0.0
0.0
0.085319705
0.0
0.0
0.0
1.5131937
0.0
0.0
0.8474149
0.0
0.0
0.0
0.0
0.0
0.0
0.0
0.0
0.0
0.0
0.0
0.0
0.05589614
0.11306912
0.011374805
0.0
0.0
0.34247264
0.42332637
0.07870671
0.0
0.37049025
0.0
0.31383625
0.0
0.0
0.0
0.2101005
0.49340293
0.0
0.0
0.0
0.0
0.0
0.0
0.0
0.0
0.0
0.0
0.0
0.0
0.0
0.0
0.0
0.07898553
0.0
0.0
0.0
0.0
0.0
0.35850638
0.0
0.0
0.0
0.0
0.77747816
0.0
0.0
0.0
0.0
0.0
0.0
0.0
0.0
0.22922412
0.0
0.0
0.0
0.0
0.0
0.11830312
0.0
0.0
0.0
0.0
0.0
0.0
0.0
0.0
0.0
0.0
0.0
0.0
0.695465
2.1110163
0.0
0.0
0.0
0.0
0.0
0.36170423
0.0
0.0
0.0
0.0
0.30916557
0.0
0.0
0.6530732
0.0
0.0
0.0
0.031162975
0.0
0.0
0.0
0.0
0.0
0.0
0.0
0.0
0.0
0.0
0.0
0.0
0.0
0.0
0.0
0.0
0.0
0.3680572
0.0
0.0
0.0
0.0
0.0
0.0
0.0
0.39240503
0.0
0.0894777
0.026906714
1.0055354
0.0
0.0
0.0
0.0
0.0
0.0
0.044700995
0.47878316
0.0
0.0
0.0
0.0
0.0
0.016949255
0.1711983
0.0
0.0
0.0
0.0
0.0
0.0
0.6966808
0.0
0.0
0.0
0.0
0.0
0.18158194
0.0
0.0
0.0
0.0
0.0
0.0
0.0
0.0
0.17388378
0.0
0.0
0.50358164
0.0
0.0
0.0
0.6103846
0.0
0.0
0.0
0.0
0.53771234
0.0
0.0
0.0
0.9299479
0.0
0.0
0.2301718
0.0
0.0
0.0
0.0
0.0
0.0
1.2073063
0.5299532
0.0
0.0
0.0
0.0
0.0
0.0
0.0
0.0
0.0
0.0
0.0
0.0
0.0
0.48223966
0.0
0.0
0.0
0.0
0.0
0.0
0.0
0.0
0.0
0.0
1.4434942
0.0
0.0
0.0
0.0
0.0
0.0
0.0
0.3001725
0.0
0.0
0.0
0.0
0.0
0.0
0.0
0.0
0.0
0.045952298
0.0
0.0
0.0
0.0
0.11518984
1.2259198
1.0247449
0.0
0.0
0.0
0.0
0.0
0.0
0.0
0.0
0.0
0.0
0.124727204
0.0
0.068227164
0.0
0.42463547
0.0
0.0
0.0
0.0
0.0
0.0
0.3304747
0.0
0.0
0.0
0.0
0.23940542
0.0
0.0
0.0
0.0
0.0
0.0
0.0
0.7536589
0.0
0.15926434
0.0
0.0
0.0
0.0
0.0
0.0
0.0
0.0
0.0
0.0
0.0
0.0
0.0
0.0
0.7407855
0.0
0.0
0.0
0.0
0.0
0.0
0.0
0.0
0.0
0.28225154
0.0
0.47231722
0.38674134
0.0
0.0
0.0
0.0
0.0
0.51439726
0.0
0.0
0.0
0.0
1.5217137
1.0840604
0.0
0.0
0.0
0.0
0.0
0.0
0.0
0.0
0.0
0.0
0.0
0.0
0.0
0.0
0.0
0.0
0.0
0.0
0.0
0.0
0.0
0.6424849
0.0
0.0
0.0
0.15462495
0.0
0.0
0.0
0.0
0.0
0.0
0.110377215
0.0
0.0
0.0
0.0
0.0
0.0
0.0
0.0
0.13794595
0.0
0.72848904
0.0
0.0
0.0
0.0
0.0
0.0
0.0
0.0
0.0
0.0
0.15114665
0.0
0.0
0.0
0.0
0.0
0.0
0.0
0.0
0.0
0.0
0.0
0.0
0.0
0.0
0.0
0.0
0.0
0.77299774
0.0
0.0
0.0
0.0
0.0
0.0
0.0
0.0
0.0
0.0
0.0
0.25072396
0.0
0.0
0.0
0.0
0.0
0.0
0.0
0.0
0.0
0.0
0.0
0.0
0.0
0.0
