0.0
0.0
0.0
0.32320052
0.0
0.0
0.0
0.0
0.0
0.0
0.0
0.0
0.0
0.018534388
0.0
0.0
0.0
0.0
0.8399619
0.0
0.0
0.0
0.0
0.0
0.0
0.0
0.0
0.0
0.0
0.05360747
0.0
1.8881819
0.0
0.0
0.0
0.0
0.0
0.0
0.0
0.0
0.0
0.0
0.0
0.0
0.0
0.0
0.0
0.0
0.12554601
0.0
0.0
0.0
0.0
0.0
0.0
0.0
0.0
0.0
0.0
0.0
0.0
0.0
0.0
0.0
0.0
0.0
0.30229482
0.0
0.0
0.22036304
0.0
0.37006122
0.0
0.0
0.15812844
0.44625664
0.0
0.0
1.0077621
0.0
0.0
0.0
0.0
0.0
0.0
0.0
0.0
0.0
0.0
0.0
0.0
0.0
0.38795802
0.0
0.0
0.0
0.0
0.0
0.0
0.0
0.4127618
0.23869611
0.0
0.0
0.0
0.0
0.0
0.0
0.0
0.0
0.32847267
0.0
0.0
0.0
0.0
0.0
0.19744557
0.0
0.0
0.0
0.0
0.0
0.0
0.16550942
0.0
0.0
0.0
0.0
0.0
0.0
0.0
0.0
0.60092705
0.0
0.0
0.0
0.0
0.0
0.13114683
0.0
0.0
0.0
1.1148871
0.0
0.0
0.0
0.0
0.0
1.035976
0.0
0.0
1.25917
0.0
0.0
0.0
0.0
0.0
0.0
0.0
0.0
0.0
0.0
0.0
1.4820203
0.0
0.0
0.0
0.0
0.0
0.0
0.0
0.0
0.0
1.4574761
0.0
0.0
0.8076897
0.0
0.0
0.0
0.0
0.0
0.0
0.0
0.0
0.0
0.0
0.0
0.0
0.13588037
0.0
0.025239386
0.0
0.0
0.18991783
0.48247313
0.09760523
0.0
0.38244712
0.0
0.23761883
0.0
0.0
0.0
0.16391656
0.27029493
0.0
0.0
0.0
0.0
0.0
0.0
0.0
0.0
0.0
0.0
0.0
0.0
0.0
0.0
0.0
0.0
0.0
0.0
0.0
0.0
0.0
0.3843986
0.0
0.0
0.0
0.0
0.6724231
0.0
0.0
0.0
0.0
0.0
0.0
0.0
0.0
0.31456557
0.0
0.0
0.019869462
0.0
0.0
0.08205965
0.0
0.0
0.0
0.0
0.0
0.0
0.0
0.0
0.0
0.0
0.0
0.0
0.7173829
2.022381
0.0
0.0
0.0
0.0
0.0
0.35070407
0.0
0.0
0.0
0.0
0.26746202
0.0
0.0
0.5870654
0.0
0.0
0.0
0.0
0.0
0.0
0.0
0.0
0.0
0.0
0.0
0.0
0.0
0.0
0.0
0.0
0.0
0.0
0.0
0.0
0.0
0.2048019
0.0
0.0
0.0
0.0
0.0
0.0
0.0
0.2616498
0.0
0.16555358
0.10843683
0.8051803
0.0
0.0
0.0
0.0
0.0
0.0
0.0
0.16226849
0.0
0.0
0.0
0.0
0.0
0.06395015
0.0
0.0
0.0
0.0
0.0
0.0
0.0
0.7845519
0.0
0.0
0.0
0.0
0.0
0.13608043
0.0
0.0
0.0
0.0
0.0
0.0
0.0
0.0
0.088152885
0.0
0.0
0.37619364
0.0
0.0
0.0
0.60516816
0.0
0.0
0.0
0.0
0.73730606
0.0
0.0
0.0
0.81923336
0.0
0.0
0.35199726
0.0
0.0
0.0
0.0
0.0
0.0
1.2172446
0.5212107
0.0
0.0
0.0
0.0
0.0
0.0
0.0
0.0
0.0
0.0
0.0
0.0
0.0
0.5425398
0.0
0.0
0.0
0.0
0.0
0.0
0.0
0.0
0.0
0.0
1.3279715
0.0
0.0
0.0
0.0
0.0
0.0
0.0
0.2478666
0.0
0.0
0.0
0.0
0.0
0.0
0.0
0.0
0.0
0.0
0.0
0.0
0.0
0.0
0.25235784
1.0983856
1.0213984
0.0
0.0
0.0
0.0
0.0
0.0
0.0
0.0
0.0
0.0
0.31833732
0.0
0.041489378
0.0
0.46362245
0.0
0.0
0.0
0.0
0.0
0.0
0.17205903
0.0
0.0
0.0
0.0
0.338104
0.0
0.0
0.0
0.0
0.0
0.0
0.0
0.5494011
0.0
0.0
0.0
0.0
0.0
0.0
0.0
0.0
0.0
0.0
0.0
0.0
0.0
0.0
0.0
0.0
0.7646899
0.0
0.0
0.0
0.0
0.0
0.0
0.0
0.0
0.0
0.031319078
0.0
0.5000164
0.0
0.0
0.0
0.0
0.0
0.0
0.48925567
0.0
0.0
0.0
0.0
1.4224178
1.0923331
0.0
0.0
0.0
0.0
0.0
0.0
0.0
0.0
0.0
0.0
0.0
0.0
0.0
0.0
0.0
0.0
0.0
0.0
0.0
0.0
0.0
0.433734
0.0
0.0
0.0
0.0
0.0
0.0
0.0
0.0
0.0
0.0
0.0
0.0
0.0
0.0
0.0
0.0
0.0
0.0
0.0
0.2977227
0.0
0.67477286
0.0
0.0
0.0
0.0
0.0
0.0
0.0
0.0
0.0
0.0
0.1332455
0.0
0.0
0.0
0.0
0.0
0.0
0.0
0.0
0.0
0.0
0.0
0.0
0.0
0.0
0.0
0.0
0.0
0.7431012
0.0
0.0
0.0
0.0
0.0
0.0
0.0
0.0
0.0
0.0
0.0
0.23232387
0.0
0.0
0.0
0.0
0.0
0.0
0.0
0.0
0.0
0.0
0.0
0.0
0.0
0.0
