0.0
0.0
0.0
0.45405412
0.0
0.0
0.0
0.0
0.0
0.0
0.0
0.0
0.0
0.0
0.0
0.0
0.0
0.0
0.79769814
0.0
0.0
0.0
0.0
0.0
0.0
0.0
0.0
0.0
0.0
0.0783013
0.0
1.8659744
0.0
0.0
0.0
0.0
0.0
0.0
0.0
0.0
0.0
0.0
0.0
0.0
0.0
0.0
0.0
0.0
0.2027368
0.0
0.0
0.0
0.0
0.0
0.0
0.0
0.0
0.0
0.0
0.0
0.0
0.0
0.0
0.0
0.0
0.0
0.2928449
0.0
0.0
0.17229009
0.0
0.40594423
0.0
0.0
0.20091875
0.46364635
0.0
0.0
0.9457161
0.0
0.0
0.0
0.0
0.0
0.0
0.0
0.0
0.0
0.0
0.0
0.0
0.0
0.41549286
0.0
0.0
0.0
0.0
0.0
0.0
0.0
0.5718276
0.2182629
0.0
0.0
0.0
0.0
0.0
0.0
0.0
0.0
0.27292424
0.0
0.0
0.0
0.0
0.0
0.22000824
0.0
0.0
0.0
0.0
0.0
0.0
0.2567989
0.0
0.0
0.0
0.0
0.0
0.0
0.0
0.0
0.5950708
0.0
0.0
0.0
0.0
0.0
0.041969564
0.0
0.0
0.0
1.1102836
0.0
0.0
0.0
0.0
0.0
1.0799515
0.0
0.0
1.3131031
0.0
0.0
0.0
0.0
0.0
0.0
0.0
0.0
0.0
0.0
0.0
1.7643917
0.0
0.0
0.0
0.0
0.0
0.0
0.0
0.0
0.0
1.4732412
0.0
0.0
0.7439824
0.0
0.0
0.0
0.0
0.0
0.0
0.0
0.0
0.0
0.0
0.0
0.0
0.16361985
0.0
0.001888236
0.0
0.0
0.1860505
0.44623208
0.01213111
0.0
0.38768378
0.0
0.17061403
0.0
0.0
0.0
0.124761075
0.12687248
0.0
0.0
0.0
0.0
0.0
0.0
0.0
0.0
0.0
0.0
0.0
0.0
0.0
0.0
0.0
0.0
0.0
0.0
0.0
0.0
0.0
0.3806126
0.0
0.0
0.0
0.0
0.65105623
0.0
0.0
0.0
0.0
0.0
0.0
0.0
0.0
0.298537
0.0
0.0
0.03377477
0.0
0.0
0.10146879
0.0
0.0
0.0
0.0
0.0
0.0
0.0
0.0
0.0
0.0
0.0
0.0
0.72434705
2.1023161
0.0
0.0
0.0
0.0
0.0
0.41635978
0.0
0.0
0.0
0.0
0.25512666
0.0
0.0
0.5305001
0.0
0.0
0.0
0.0
0.0
0.0
0.0
0.0
0.0
0.0
0.0
0.0
0.0
0.0
0.0
0.0
0.0
0.0
0.0
0.0
0.0
0.13188747
0.0
0.0
0.0
0.0
0.0
0.0
0.0
0.18685067
0.0
0.122470245
0.10754465
0.7939516
0.0
0.0
0.0
0.0
0.0
0.0
0.0
0.0
0.0
0.0
0.0
0.0
0.0
0.13881412
0.0
0.0
0.0
0.0
0.0
0.0
0.0
0.8566146
0.0
0.0
0.0
0.0
0.0
0.08010171
0.0
0.0
0.0
0.0
0.0
0.0
0.0
0.0
0.00969426
0.0
0.0
0.22091858
0.0
0.0
0.0
0.5874932
0.0
0.0
0.0
0.0
0.9260841
0.0
0.0
0.0
0.7264251
0.0
0.0
0.41407898
0.0
0.0
0.0
0.0
0.0
0.0
1.3859812
0.4909351
0.0
0.0
0.0
0.0
0.0
0.0
0.0
0.0
0.0
0.0
0.0
0.0
0.0
0.60739344
0.0
0.0
0.0
0.0
0.0
0.0
0.0
0.0
0.0
0.0
1.2612998
0.0
0.0
0.0
0.0
0.0
0.0
0.0
0.1802413
0.0
0.0
0.0
0.0
0.0
0.0
0.0
0.0
0.0
0.0
0.0
0.0
0.0
0.0
0.3241772
1.0421581
1.1050837
0.0
0.0
0.0
0.0
0.0
0.0
0.0
0.0
0.0
0.0
0.34319526
0.0
0.0
0.0
0.49540412
0.0
0.0
0.0
0.0
0.0
0.0
0.027041057
0.0
0.0
0.0
0.0
0.31104708
0.0
0.0
0.0
0.0
0.0
0.0
0.0
0.4386579
0.0
0.0
0.0
0.0
0.0
0.0
0.0
0.0
0.0
0.0
0.0
0.0
0.0
0.0
0.0
0.0
0.8563954
0.0
0.0
0.0
0.0
0.0
0.0
0.0
0.0
0.0
0.0
0.0
0.5023941
0.0
0.0
0.0
0.0
0.0
0.0
0.5040365
0.0
0.0
0.0
0.0
1.5480638
1.0853667
0.0
0.0
0.079887964
0.0
0.0
0.0
0.0
0.0
0.0
0.0
0.0
0.0
0.0
0.0
0.0
0.0
0.0
0.0
0.0
0.0
0.0
0.26784045
0.0
0.0
0.0
0.0
0.0
0.0
0.0
0.0
0.0
0.0
0.0
0.0
0.0
0.0
0.0
0.0
0.0
0.0
0.0
0.38964808
0.0
0.6288532
0.0
0.0
0.0
0.0
0.0
0.0
0.0
0.0
0.0
0.0
0.09533219
0.0
0.0
0.0
0.0
0.0
0.0
0.0
0.0
0.0
0.0
0.0
0.0
0.0
0.0
0.0
0.0
0.0
0.7197103
0.0
0.0
0.0
0.0
0.0
0.0
0.0
0.0
0.0
0.0
0.0
0.12360953
0.0
0.0
0.0
0.0
0.0
0.0
0.0
0.0
0.0
0.0
0.0
0.0
0.0
0.0
