0.0
0.0
0.0
0.0
0.0
0.0
0.0
0.0
0.0
0.0
0.57672876
0.0
0.0
0.0
0.0
0.0
0.0
0.0
0.4698338
0.0
0.0
0.0
0.0
0.0
0.0
0.0
0.0
0.0
0.0
0.0
0.0
0.7373706
0.0
0.0
0.0
0.0
0.0
0.0
0.0
0.0
0.0
0.0
0.0
0.0
0.0
0.0
0.0
0.0
0.0
0.0
0.0
0.0
0.0
0.0
0.0
0.0
0.0
0.0
0.0
0.0
0.0
0.0
0.0
0.0
0.0
0.0
0.35987815
0.0
0.0
0.0
0.0
0.16663554
0.0
0.0
0.17522217
0.0841418
0.0
0.0
0.20670545
0.0
0.0
0.0
0.0
0.0
0.0
0.0
0.0
0.0
0.0
0.0
0.0
0.0
0.19554465
0.0
0.0
0.0
0.0
0.0
0.0
0.0
0.4894815
0.0
0.0
0.0
0.0
0.0
0.0
0.0
0.0
0.0
0.0
0.0
0.0
0.0
0.0
0.0
0.15074936
0.0
0.0
0.0
0.0
0.0
0.0
0.0
0.0
0.0
0.0
0.0
0.0
0.0
0.0
0.0
0.22381985
0.0
0.12064491
0.0
0.0
0.0
0.0
0.0
0.0
0.0
0.17676765
0.0
0.0
0.0
0.0
0.0
1.0473561
0.08483884
0.0
1.4362285
0.0
0.0
0.0
0.0
0.0
0.0
0.0
0.0
0.0
0.0
0.0
1.9762509
0.0
0.0
0.0
0.0
0.0
0.0
0.0
0.0
0.0
0.5329517
0.0
0.0
0.27778316
0.0
0.0
0.0
0.0
0.0
0.0
0.0
0.0
0.0
0.0
0.0
0.0
0.109213576
0.0
0.0
0.0
0.0
0.0
0.0
0.0
0.0
0.27896354
0.0
0.0
0.0
0.0
0.0
0.0
0.0
0.0
0.0
0.0
0.0
0.0
0.0
0.0
0.0
0.0
0.0
0.0
0.0
0.0
0.0
0.0
0.0
0.0
0.0
0.0
0.0
0.0
0.0
0.0
0.0
0.0
0.0
0.10427804
0.0
0.0
0.0
0.0
0.0
0.0
0.0
0.0
0.12229017
0.0
0.0
0.0
0.0
0.0
0.0
0.0
0.0
0.0
0.0
0.0
0.34905714
0.0
0.0
0.0
0.0
0.0
0.0
1.2727923
2.0356617
0.0
0.0
0.0
0.0
0.0
0.047769807
0.0
0.0
0.0
0.0
0.0
0.0
0.0
0.0
0.0
0.0
0.0
0.0
0.0
0.0
0.0
0.0
0.0
0.0
0.0
0.0
0.0
0.0
0.0
0.0
0.0
0.0
0.0
0.0
0.0
0.0
0.0
0.0
0.0
0.0
0.0
0.0
0.0
0.10458245
0.0
0.22982536
0.30525357
0.62251186
0.0
0.0
0.0
0.0
0.0
0.0
0.0
0.0
0.0
0.0
0.0
0.0
0.0
0.0
0.0
0.0
0.0
0.0
0.0
0.0
0.0
0.50396425
0.0
0.0
0.0
0.0
0.0
0.256966
0.0
0.0
0.0
0.0
0.0
0.0
0.0
0.0
0.0
0.0
0.0
0.0
0.0
0.0
0.0
0.00943134
0.0
0.0
0.0
0.0
0.4810427
0.0
0.0
0.0
0.0
0.0
0.0
0.23252836
0.0
0.0
0.0
0.0
0.0
0.0
1.3447218
0.3823776
0.0
0.0
0.0
0.0
0.0
0.0
0.0
0.0
0.0
0.0
0.0
0.0
0.0
0.23563161
0.0
0.0
0.0
0.0
0.0
0.0
0.0
0.0
0.0
0.0
0.29004782
0.0
0.0
0.0
0.0
0.0
0.0
0.0
0.0
0.0
0.0
0.0
0.0
0.0
0.0
0.0
0.0
0.0
0.0
0.0
0.0
0.0
0.0
0.15316448
0.2717355
0.9950297
0.0
0.0
0.0
0.0
0.0
0.0
0.0
0.0
0.0
0.0
0.012689814
0.0
0.0
0.0
0.0
0.0
0.0
0.0
0.0
0.0
0.0
0.0
0.0
0.0
0.0
0.0
0.44095764
0.0
0.0
0.0
0.0
0.0
0.0
0.0
0.0
0.0
0.0
0.0
0.0
0.0
0.0
0.0
0.0
0.0
0.0
0.0
0.0
0.0
0.0
0.0
0.0
1.1821697
0.0
0.0
0.0
0.0
0.0
0.0
0.0
0.0
0.0
0.0
0.0
0.15287748
0.0
0.0
0.0
0.0
0.0
0.0
0.48596498
0.0
0.0
0.0
0.0
1.5512991
0.304995
0.0
0.0
0.13956887
0.0
0.0
0.0
0.0
0.0
0.0
0.0
0.0
0.0
0.0
0.0
0.0
0.0
0.0
0.0
0.0
0.0
0.0
0.0
0.0
0.0
0.0
0.0
0.0
0.0
0.0
0.0
0.0
0.0
0.0
0.0
0.0
0.0
0.0
0.0
0.0
0.0
0.0
0.09226125
0.0
0.0
0.0
0.0
0.0
0.0
0.0
0.0
0.0
0.0
0.0
0.0
0.0
0.0
0.0
0.0
0.0
0.0
0.0
0.0
0.0
0.0
0.0
0.0
0.0
0.0
0.0
0.0
0.0
0.0
0.0
0.0
0.0
0.0
0.0
0.0
0.0
0.0
0.0
0.0
0.0
0.0
0.10059595
0.0
0.0
0.0
0.0
0.0
0.0
0.0
0.0
0.0
0.0
0.0
0.0
0.0
0.0
