0.0
0.0
0.0
0.81670296
0.0
0.0
0.0
0.0
0.0
0.0
0.0
0.0
0.0
0.0
0.0
0.0
0.0
0.0
1.0205119
0.0
0.0
0.0
0.0
0.0
0.0
0.0
0.0
0.0
0.0
0.011479303
0.0
2.022908
0.0
0.0
0.0
0.0
0.0
0.0
0.0
0.0
0.0
0.0
0.0
0.0
0.0
0.0
0.0
0.0
0.40974402
0.0
0.0
0.0
0.0
0.0
0.0
0.0
0.0
0.0
0.0
0.0
0.0
0.0
0.0
0.0
0.0
0.0
0.12660494
0.0
0.0
0.12586582
0.0
0.42751116
0.0
0.0
0.21823579
0.5891491
0.0
0.0
0.83541995
0.0
0.25849408
0.0
0.0
0.0
0.0
0.0
0.0
0.0
0.0
0.0
0.0
0.0
0.70025617
0.0
0.0
0.0
0.0
0.0
0.0
0.0
1.075648
0.4068479
0.0
0.0
0.0
0.0
0.0
0.0
0.0
0.0
0.08765414
0.0
0.0
0.0
0.0
0.0
0.120053716
0.0
0.0
0.0
0.0
0.0
0.0
0.5882659
0.0
0.0
0.0
0.0
0.0
0.0
0.0
0.0
0.54243153
0.0
0.0
0.0
0.0
0.0
0.0
0.0
0.0
0.0
1.1760987
0.0
0.0
0.0
0.0
0.0
1.5880437
0.0
0.0
1.5713334
0.0
0.0
0.0
0.0
0.0
0.0
0.0
0.0
0.0
0.0
0.0
2.7272904
0.0
0.0
0.0
0.0
0.0
0.0
0.0
0.0
0.0
1.5990598
0.0
0.0
0.47704774
0.0
0.0
0.0
0.0
0.0
0.0
0.0
0.0
0.0
0.0
0.0
0.0
0.2534537
0.0
0.0
0.0
0.0
0.3520127
0.35198346
0.0
0.0
0.3259923
0.0
0.03751803
0.0
0.0
0.0
0.0
0.0
0.0
0.0
0.0
0.0
0.0
0.0
0.0
0.0
0.0
0.0
0.0
0.0
0.0
0.0
0.0
0.0
0.0
0.0
0.0
0.0
0.0
0.32729968
0.0
0.0
0.0
0.0
0.6810861
0.0
0.0
0.0
0.0
0.0
0.0
0.0
0.0
0.29800367
0.0
0.0
0.06381838
0.0
0.0
0.2658827
0.0
0.0
0.0
0.0
0.0
0.0
0.0
0.0
0.0
0.0
0.0
0.0
0.643196
2.6704383
0.0
0.0
0.0
0.0
0.0
0.6748547
0.0
0.0
0.0
0.0
0.10647951
0.0
0.0
0.45678982
0.0
0.0
0.0
0.0
0.0
0.0
0.0
0.0
0.0
0.0
0.0
0.0
0.0
0.0
0.0
0.0
0.0
0.0
0.0
0.0
0.0
0.0
0.0
0.0
0.0
0.0
0.0
0.0
0.0
0.18502079
0.0
0.0
0.0
1.1256353
0.0
0.0
0.0
0.0
0.0
0.0
0.0
0.0
0.0
0.0
0.0
0.0
0.0
0.33347073
0.0
0.0
0.0
0.0
0.0
0.0
0.0
0.899185
0.0
0.0
0.0
0.0
0.0
0.0
0.0
0.0
0.0
0.0
0.0
0.0
0.0
0.0
0.0
0.0
0.0
0.0
0.0
0.0
0.0
0.5524616
0.0
0.0
0.0
0.0
1.584597
0.0
0.0
0.0
0.4341032
0.0
0.0
0.5373052
0.0
0.0
0.0
0.0
0.0
0.0
2.0960531
0.4719587
0.0
0.0
0.0
0.0
0.0
0.0
0.0
0.0
0.0
0.0
0.0
0.0
0.0
0.5204181
0.0
0.0
0.0
0.0
0.0
0.0
0.0
0.0
0.0
0.0
1.1224352
0.0
0.0
0.0
0.0
0.0
0.0
0.0
0.0
0.0
0.0
0.0
0.0
0.0
0.0
0.0
0.0
0.0
0.0
0.0
0.0
0.0
0.0
0.30101296
1.0626819
1.4270371
0.0
0.0
0.0
0.0
0.0
0.0
0.0
0.0
0.0
0.0
0.34837157
0.0
0.0
0.0
0.40826643
0.0
0.0
0.0
0.0
0.0
0.0
0.0
0.0
0.0
0.0
0.0
0.05690033
0.0
0.0
0.0
0.0
0.0
0.0
0.0
0.29489645
0.0
0.0
0.0
0.0
0.0
0.0
0.0
0.0
0.0
0.0
0.0
0.0
0.0
0.0
0.0
0.0
1.145954
0.0
0.0
0.0
0.0
0.0
0.0
0.0
0.0
0.0
0.0
0.0
0.57410395
0.0
0.0
0.0
0.0
0.0
0.0
0.6740995
0.0
0.0
0.0
0.0
2.2661033
1.0074637
0.0
0.0
0.57326174
0.0
0.0
0.0
0.0
0.0
0.0
0.0
0.0
0.0
0.0
0.0
0.0
0.0
0.0
0.0
0.0
0.0
0.0
0.0
0.0
0.0
0.0
0.0
0.06394601
0.0
0.0
0.0
0.0
0.0
0.0
0.0
0.0
0.0
0.0
0.0
0.0
0.0
0.0
0.4434241
0.0
0.46289465
0.0
0.0
0.0
0.0
0.0
0.0
0.0
0.0
0.0
0.0
0.06258339
0.0
0.0
0.0
0.0
0.0
0.0
0.15359756
0.0
0.0
0.0
0.0
0.0
0.0
0.0
0.0
0.0
0.0
0.7366532
0.0
0.0
0.0
0.0
0.0
0.0
0.0
0.0
0.0
0.0
0.0
0.0
0.0
0.0
0.0
0.0
0.0
0.0
0.0
0.0
0.0
0.0
0.0
0.0
0.0
0.0
