0.0
0.0
0.0
0.9844603
0.0
0.0
0.0
0.0
0.0
0.0
0.80178493
0.0
0.0
0.0
0.13014773
0.0
0.13001534
0.0
0.08633734
0.0
0.0
0.0
0.070346504
0.0
0.0
0.0
0.0
0.0
0.0
0.0
0.0
0.0
0.0
0.0
0.0
0.0
0.0
0.0
0.0
0.0
0.15312332
0.0
0.0
0.0
0.0
0.0
0.0
0.0
0.4704013
0.0
0.0
0.0
0.0
0.0
0.0
0.07421908
0.0
0.0
0.0
0.0
0.0
0.0
0.0
0.0
0.0
0.0
0.0
0.0
0.0
0.0
0.0
0.09353733
0.0
0.0
0.0
0.0
0.0
0.0
0.0
0.1416253
0.75489336
0.0
0.0
0.0
0.0
0.0
0.7471936
0.061896592
0.0
0.0
0.0
0.0
0.0
0.0
0.0
0.0
0.0
0.0
0.0
0.0
0.58050895
0.0
0.0
0.0
0.0
0.0
0.08745068
0.0
0.0
0.0
0.0
0.0
0.0
0.0
0.0
0.054798882
0.27462927
0.0
0.0
0.0
0.0
0.0
0.0
0.23292977
0.0
0.0
0.0
0.0
0.0
0.0
0.0
0.0
0.0
0.0
0.0
0.0
0.0
0.0
0.0
0.0
0.0
0.0
0.0
0.0
0.0
0.0
0.0
0.0
1.358861
0.0
0.0
1.5074831
0.0
0.0
0.0
0.0
0.0
0.0
0.0
0.0
0.0
0.0
0.0
2.419114
0.0
0.0
0.0
0.0
0.0
0.0
0.0
0.0
0.0
0.0
0.0
0.0
0.016971476
0.0
0.0
0.0
0.0
0.0
0.0
0.0
0.0
0.0
0.0
0.0
0.0
0.4125955
0.0
0.3904042
0.0
0.0
0.19659095
0.35938942
0.0
0.0
0.65579927
0.0
0.0
0.0
0.15252432
0.14604513
0.0
0.0
0.0
0.0
0.0
0.0
0.0
0.0
0.0
0.0
0.0
0.0
0.0
0.0
0.0
0.0
0.0
0.0
0.0
0.0
0.0
0.0
0.0
0.0
0.0
0.0
0.0
0.0
0.0
0.0
0.0
0.0
0.023850687
0.0
0.0
0.13798574
0.0
0.114770435
0.0
0.0
0.20114431
0.0245408
0.0
0.20637108
0.0
0.0
0.1668962
0.0
0.10339679
0.46653545
0.0
0.0
0.0
0.0
0.0
0.0
0.7783233
1.3926351
0.0
0.0
0.0
0.0
0.0
0.042414844
0.0
0.0
0.0
0.0
0.0
0.0
0.0
0.0
0.0
0.0
0.0
0.0
0.0
0.0
0.0
0.0
0.0
0.0
0.0
0.0
0.0
0.0
0.0
0.0
0.07585686
0.0
0.0
0.0
0.0
1.0703406
0.0
0.0
0.0
0.6115102
0.0
0.0
0.0
0.0
0.0
0.0
0.0
0.123057164
0.0
0.0
0.0
0.0
0.0
0.0
0.0
0.0
0.0
0.0
0.0
0.0
0.0
0.030725285
0.0
0.0
0.0
0.0
0.0
0.0
0.0
0.0
0.0
0.0
0.0
0.0
0.0
0.0
0.0
0.0
0.0
0.0
0.0
0.0
0.0
0.0
0.0
0.0
0.0
0.0
0.06279552
0.0
0.0
0.0
0.19250506
0.0
0.0
0.0
1.2477801
0.0
0.0
0.0
0.0
0.0
0.0
0.032703012
0.0
0.0
0.0
0.0
0.0
0.0
1.233954
0.06100814
0.0
0.0
0.0
0.0
0.0
0.0
0.0
0.0
0.0
0.0
0.0
0.0
0.0
0.1207292
0.0
0.0
0.0
0.0
0.0
0.0
0.0
0.0
0.0
0.0
0.0
0.0
0.0
0.0
0.014584655
0.0
0.0
0.0
0.0
0.0
0.0
0.0
0.71635664
0.0
0.0
0.0
0.0
0.0
0.0
0.0
0.0
0.26797011
0.04756918
0.0
0.094729416
0.7100173
0.0
0.0
0.0
0.0
0.0
0.0
0.0
0.0
0.0
0.027566765
0.4639908
0.0
0.0
0.0
0.0
0.0
0.0
0.0
0.0
0.0
0.0
0.0
0.0
0.0
0.0
0.0
0.0
0.0
0.0
0.0
0.0
0.0
0.0
0.0
0.0
0.0
0.0
0.0
0.0
0.0
0.0
0.0
0.0
0.0
0.0
0.0
0.0
0.0
0.0
0.0
0.0
1.3241687
0.048828665
0.0
0.0
0.0
0.0
0.0
0.0
0.0
0.0
0.0
0.0
0.0
0.0
0.0
0.0
0.0
0.0
0.0018472485
0.84458417
0.0
0.0
0.0
0.0
0.7455275
0.0
0.0
0.0
0.36708817
0.0
0.0
0.0
0.0
0.0
0.0
0.031740393
0.0
0.0
0.0
0.0
0.0
0.0
0.0
0.0
0.0
0.0
0.0
0.0
0.0
0.0
0.0
0.0
0.0
0.0
0.0
0.0
0.0
0.0
0.0
0.0
0.0
0.0
0.0
0.049864434
0.0
0.0
0.17032517
0.20711005
0.0
0.0
0.0
0.0
0.0
0.0
0.0
0.0
0.0
0.0
0.0
0.0
0.0
0.0
0.092747666
0.0
0.0
0.0
0.0
0.12183501
0.0
0.0
0.0
0.0
0.0
0.0
0.0
0.0
0.0
0.0
0.0
0.0
0.0
0.0
0.0
0.0
0.0
0.0
0.0
0.0
0.0
0.49292904
0.0
0.0
0.0
0.0
0.0
0.0
0.0
0.0
0.0
0.0
0.0
0.0
0.0
0.0
0.0
