0.0
0.0
0.0
0.0
0.0
0.0
0.0
0.72583956
0.0
0.0
1.4752666
0.0
0.0
1.4115654
0.0
0.0
0.0
1.4580998
0.0
0.0
0.0
0.0
0.0
0.0
0.0
0.0
0.0
0.0
0.0
0.0
0.0
0.0
0.0
0.0
0.0
0.0
0.0
0.0
0.0
0.0
0.0
0.0
1.2656561
0.0
0.0
0.0
0.0
0.0
0.30753538
0.0
0.2921225
0.0
0.0
0.0
0.0
0.0
0.8565695
0.0
0.0
0.15397002
0.0
0.0
0.0
0.0
0.0
0.0
1.7595605
0.0
0.0
0.0
0.0
0.0
0.0
0.0
0.0
0.20126899
0.0
0.0
0.0
0.0
0.5469415
1.4775759
0.0
0.0
0.0
0.0
0.0
0.0
0.0
0.0
0.0
0.0
0.0
0.0
0.0
0.0
0.0
0.0
0.0
1.1589644
0.0
0.0
0.0
0.0
0.0
0.0
0.0
0.28467488
0.0
0.0
0.0
0.16039222
0.0
0.0
0.0
0.0
0.0
0.0
0.0
0.0
0.29658064
0.0
0.0
1.4854399
0.0
0.0
0.0
0.0
0.0
0.0
0.0
0.0
0.0
0.0
0.0
0.0
0.0
0.0
0.52951384
0.0
0.0
0.0
0.0
0.0
0.0
0.0
0.0
0.0
0.0
1.5171474
0.0
3.08031
0.0
0.0
0.0
0.0
0.0
0.0
0.42193535
0.0
0.0
0.0
0.0
2.9042823
0.0
0.0
0.0
0.0
0.82331514
0.0
0.0
0.0
0.0
0.0
0.0
0.0
0.0
0.0
0.0
0.0
0.0
0.0
0.0
0.0
0.0
0.0
0.0
0.0
0.0
1.2600688
0.0
0.8022442
0.0
0.0
0.0
1.0870883
0.0
0.0
2.0128765
1.4106841
0.0
0.0
0.0
0.0
0.0
0.0
0.0
0.0
0.0
0.0
0.0
0.0
0.0
0.0
0.0
3.4668949
0.0
0.0
0.0
0.0
0.0
0.0
0.0
0.0
0.0
0.0
0.0
0.0
0.61865145
0.0
0.0
0.0
0.42173555
0.0
0.0
1.1371071
0.0
0.0
0.0
0.0
0.0
0.0
0.0
0.0
2.9695766
0.0
0.0
0.0
0.0
0.0
0.0
0.0
0.0
3.3255637
0.0
0.0
0.0
0.0
0.0
0.0
2.5509942
3.8349063
0.0
0.0
0.0
0.0
0.0
0.0
0.0
0.0
0.0
0.0
0.0
0.0
0.0
0.0
0.0
0.0
0.0
0.0
0.0
0.0
0.0
0.0
0.0
0.0
0.0
0.0
0.0
0.0
1.3871647
0.0
0.0
0.0
0.69641954
0.0
0.0
0.0
0.0
0.0
0.0
1.9471364
0.0
0.0
0.0
0.0
0.0
0.0
4.363848
0.0
0.0
0.0
0.0
0.2469477
0.19985513
0.0
0.0
0.0
0.0
0.0
0.0
0.0
0.0
0.0
0.0
0.0
0.0
0.0
0.0
1.1761789
0.0
0.0
0.0
0.0
0.0
0.0
0.0
0.0
0.0
0.0
0.0
0.0
0.0
0.0
0.0
0.0
0.0
0.0
0.0
0.0
0.0
0.0
0.0
0.0
0.0
0.0
0.0
1.435316
0.0
0.0
0.48167706
0.0
0.0
0.0
0.0
0.0
0.0
1.9159437
0.0
0.0
1.4796002
0.0
1.3457073
0.0
0.0
0.0
0.0
0.0
0.0
0.0
0.0
0.0
0.0
0.0
0.0
0.0
0.0
0.0
0.0
0.0
0.0
0.0
0.0
0.0
0.0
0.0
0.0
0.0
0.0
0.0
0.0
0.0
0.0
0.0
0.0
0.0
0.0
0.0
0.0
1.0577583
0.0
0.0
0.0
0.0
0.0
0.0
0.0
0.0
0.07415044
0.0
0.0
0.10218274
0.44805583
0.0
0.39775372
0.0
0.0
0.0
0.0
0.0
0.0
0.0
0.0
0.0
0.10267687
0.0
1.0984868
1.5354478
0.0
0.0
0.64194596
0.0
0.0
1.2879313
0.0
0.0
0.0
0.82325244
0.0
0.0
3.3072793
0.0
0.0
1.2036388
0.0
0.0
0.0
0.0
0.0
0.0
0.0
0.0
0.0
0.0
0.0
0.0
0.0
0.0
0.0
0.0
0.0
0.0
1.5160493
0.0
0.0
3.0834465
0.0
0.0
0.0
0.0
1.9901034
0.0
0.0
0.0
0.0
0.0
0.0
0.0
0.0
0.0
0.0
0.0
0.0
0.0
0.0
0.0
0.0
0.0
0.0
1.5950147
0.0
0.0
0.67329496
2.7666287
0.0
0.0
0.0
0.0
0.0
0.0
0.0
0.0
0.0
0.0
0.0
0.0
0.0
0.0
0.0
0.0
0.0
0.0
0.0
0.0
0.0
0.0
0.0
0.0
0.0
0.0
0.0
0.0
0.0
0.0
0.0
0.0
0.0
1.9368291
0.0
0.0
0.0
0.0
0.0
0.0
1.2136782
0.28324836
0.0
0.0
0.0
1.2635213
0.0
0.0
0.0
0.0
0.0
0.0
0.0
0.0
0.0
0.0
0.0
0.0
0.0
0.0
0.0
0.0
0.0
0.0
0.0
0.0
0.0
0.0
0.0
0.0
0.0
0.0
0.0
0.0
0.0
0.0
0.0
0.0
0.0
0.0
0.9987515
0.7022568
0.0
0.0
0.0
0.0
0.0
0.0
0.0
0.0
0.0
0.0
0.0
0.0
0.0
0.0
