0.0
0.0
0.0
0.9585122
0.0
0.0
0.0
0.0
0.0
0.0
0.8002117
0.0
0.0
0.0
0.02579201
0.0
0.10048209
0.0
0.061485205
0.0
0.0
0.0
0.020876132
0.0
0.0
0.0
0.0
0.0
0.0
0.0
0.0
0.0
0.0
0.0
0.0
0.0
0.0
0.0
0.0
0.0
0.08996583
0.0
0.0
0.0
0.0
0.0
0.0
0.0
0.48530668
0.0
0.0
0.0
0.0
0.0
0.0
0.04371741
0.0
0.0
0.0
0.0
0.0
0.0
0.0
0.0
0.0
0.0
0.0
0.0
0.0
0.0
0.0
0.0
0.0
0.0
0.0
0.0
0.0
0.0
0.0
0.06197032
0.7407315
0.0
0.0
0.0
0.0
0.0
0.6809499
0.0153581
0.0
0.0
0.0
0.0
0.0
0.0
0.0
0.0
0.0
0.0
0.0
0.0
0.57863
0.0
0.0
0.0
0.0
0.0
0.028306171
0.0
0.0
0.0
0.0
0.0
0.0
0.0
0.0
0.012691848
0.26126572
0.0
0.0
0.0
0.0
0.0
0.0
0.23830423
0.0
0.0
0.0
0.0
0.0
0.0
0.0
0.0
0.0
0.0
0.0
0.0
0.0
0.0
0.0
0.0
0.0
0.0
0.0
0.0
0.0
0.0
0.0
0.0
1.3510097
0.0
0.0
1.4857423
0.0
0.0
0.0
0.0
0.0
0.0
0.0
0.0
0.0
0.0
0.0
2.4613454
0.0
0.0
0.0
0.0
0.0
0.0
0.0
0.0
0.0
0.0
0.0
0.0
0.0
0.0
0.0
0.0
0.0
0.0
0.0
0.0
0.0
0.0
0.0
0.0
0.0
0.39683008
0.0
0.289582
0.0
0.0
0.1995313
0.32325935
0.0
0.0
0.6070918
0.0
0.0
0.0
0.075724974
0.057220537
0.0
0.0
0.0
0.0
0.0
0.0
0.0
0.0
0.0
0.0
0.0
0.0
0.0
0.0
0.0
0.0
0.0
0.0
0.0
0.0
0.0
0.0
0.0
0.0
0.0
0.0
0.0
0.0
0.0
0.0
0.0
0.0
0.0
0.0
0.0
0.107636824
0.0
0.049569618
0.0
0.0
0.20334502
0.0
0.0
0.20735413
0.0
0.0
0.097825184
0.0
0.05013165
0.4878509
0.0
0.0
0.0
0.0
0.0
0.0
0.79297405
1.4446981
0.0
0.0
0.0
0.0
0.0
0.033524882
0.0
0.0
0.0
0.0
0.0
0.0
0.0
0.0
0.0
0.0
0.0
0.0
0.0
0.0
0.0
0.0
0.0
0.0
0.0
0.0
0.0
0.0
0.0
0.0
0.02879884
0.0
0.0
0.0
0.0
1.0077181
0.0
0.0
0.0
0.6039716
0.0
0.0
0.0
0.0
0.0
0.0
0.10171058
0.111254774
0.0
0.0
0.0
0.0
0.0
0.0
0.0
0.0
0.0
0.0
0.0
0.0
0.0
0.018765494
0.0
0.0
0.0
0.0
0.0
0.0
0.0
0.0
0.0
0.0
0.0
0.0
0.0
0.0
0.0
0.0
0.0
0.0
0.0
0.0
0.0
0.0
0.0
0.0
0.0
0.0
0.0
0.0
0.0
0.0
0.11407209
0.0
0.0
0.0
1.2006533
0.0
0.0
0.0
0.0
0.0
0.0
0.017459773
0.0
0.0
0.0
0.0
0.0
0.0
1.2590228
0.0
0.0
0.0
0.0
0.0
0.0
0.0
0.0
0.0
0.0
0.0
0.0
0.0
0.0
0.104579866
0.0
0.0
0.0
0.0
0.0
0.0
0.0
0.0
0.0
0.0
0.0
0.0
0.0
0.0
0.0
0.0
0.0
0.0
0.0
0.0
0.0
0.0
0.6849272
0.0
0.0
0.0
0.0
0.0
0.0
0.0
0.0
0.26219192
0.0042688325
0.0
0.098735444
0.6776451
0.0
0.0
0.0
0.0
0.0
0.0
0.0
0.0
0.0
0.0
0.41665626
0.0
0.0
0.0
0.0
0.0
0.0
0.0
0.0
0.0
0.0
0.0
0.0
0.0
0.0
0.0
0.0
0.0
0.0
0.0
0.0
0.0
0.0
0.0
0.0
0.0
0.0
0.0
0.0
0.0
0.0
0.0
0.0
0.0
0.0
0.0
0.0
0.0
0.0
0.0
0.0
1.3431753
0.06809757
0.0
0.0
0.0
0.0
0.0
0.0
0.0
0.0
0.0
0.0
0.0
0.0
0.0
0.0
0.0
0.0
0.0
0.85170084
0.0
0.0
0.0
0.0
0.8219698
0.0
0.0
0.0
0.32954335
0.0
0.0
0.0
0.0
0.0
0.0
0.0
0.0
0.0
0.0
0.0
0.0
0.0
0.0
0.0
0.0
0.0
0.0
0.0
0.0
0.0
0.0
0.0
0.0
0.0
0.0
0.0
0.0
0.0
0.0
0.0
0.0
0.0
0.0
0.0
0.0
0.0
0.10026282
0.16252188
0.0
0.0
0.0
0.0
0.0
0.0
0.0
0.0
0.0
0.0
0.0
0.0
0.0
0.0
0.020790752
0.0
0.0
0.0
0.0
0.08615694
0.0
0.0
0.0
0.0
0.0
0.0
0.0
0.0
0.0
0.0
0.0
0.0
0.0
0.0
0.0
0.0
0.0
0.0
0.0
0.0
0.0
0.49440268
0.0
0.0
0.0
0.0
0.0
0.0
0.0
0.0
0.0
0.0
0.0
0.0
0.0
0.0
0.0
