0.0
0.0
0.0
0.0
0.0
0.0
0.0
0.3545723
0.0
0.0
1.8611633
0.0
0.0
0.34725454
0.0
0.0
0.0
0.71750486
0.0
0.0
0.0
0.0
0.0
0.0
0.0
0.0
0.0
0.0
0.0
0.0
0.0
0.0
0.0
0.0
0.0
0.0
0.0
0.0
0.0
0.0
0.0
0.0
0.0
0.0
0.0
0.0
0.0
0.0
0.46627796
0.0
0.26311684
0.0
0.0
0.0
0.0
0.0
0.023363467
0.0
0.0
0.0
0.0
0.0
0.0
0.0
0.0
0.0
1.8849369
0.0
0.0
0.0
0.0
0.0
0.0
0.0
0.0
0.0
0.0
0.0
0.0
0.0
0.52014935
0.5776488
0.0
0.0
0.0
0.0
0.0
0.0
0.0
0.0
0.0
0.0
0.0
0.0
0.0
0.0
0.0
0.0
0.0
0.41080683
0.0
0.0
0.0
0.0
0.0
0.0
0.0
0.01417191
0.0
0.0
0.0
0.0
0.0
0.0
0.0
0.0
0.0
0.0
0.0
0.0
0.0
0.0
0.0
1.7300897
0.0
0.0
0.0
0.0
0.0
0.0
0.0
0.0
0.0
0.0
0.0
0.0
0.0
0.0
0.0
0.0
0.0
0.0
0.0
0.0
0.0
0.0
0.0
0.0
0.0
1.2706009
0.0
2.8151941
0.0
0.0
0.0
0.0
0.0
0.0
0.0
0.0
0.0
0.0
0.0
3.5705335
0.0
0.0
0.0
0.0
0.19979829
0.0
0.0
0.0
0.0
0.0
0.0
0.0
0.0
0.0
0.0
0.0
0.0
0.0
0.0
0.0
0.0
0.0
0.0
0.0
0.0
1.026106
0.0
0.0
0.0
0.0
0.0
0.4132244
0.0
0.0
1.5007269
0.718787
0.0
0.0
0.0
0.0
0.0
0.0
0.0
0.0
0.0
0.0
0.0
0.0
0.0
0.0
0.0
3.051787
0.0
0.0
0.0
0.0
0.0
0.0
0.0
0.0
0.0
0.0
0.0
0.0
0.34625745
0.0
0.0
0.0
0.18970934
0.0
0.0
0.07094054
0.0
0.0
0.0
0.0
0.0
0.0
0.0
0.0
2.6182797
0.0
0.0
0.0
0.0
0.0
0.0
0.0
0.0
3.1992602
0.0
0.0
0.0
0.0
0.0
0.0
1.9077464
3.801412
0.0
0.0
0.0
0.0
0.0
0.0
0.0
0.0
0.0
0.0
0.0
0.0
0.0
0.0
0.0
0.0
0.0
0.0
0.0
0.0
0.0
0.0
0.0
0.0
0.0
0.0
0.0
0.0
0.3845403
0.0
0.0
0.0
0.0
0.0
0.0
0.124674045
0.0
0.0
0.0
1.2501667
0.0
0.0
0.0
0.0
0.0
0.0
4.244232
0.0
0.0
0.0
0.0
0.18553255
0.0
0.0
0.0
0.0
0.0
0.0
0.0
0.0
0.0
0.0
0.0
0.0
0.0
0.0
0.0
0.28281197
0.0
0.0
0.0
0.0
0.0
0.0
0.0
0.0
0.0
0.0
0.0
0.0
0.0
0.0
0.0
0.0
0.0
0.0
0.0
0.0
0.0
0.0
0.0
0.0
0.0
0.0
0.0
0.3301884
0.0
0.0
0.032352924
0.0
0.0
0.0
0.0
0.0
0.0
2.2433643
0.0
0.0
0.5902213
0.0
1.6335309
0.0
0.0
0.0
0.0
0.0
0.0
0.0
0.0
0.0
0.0
0.0
0.0
0.0
0.0
0.0
0.0
0.0
0.0
0.0
0.0
0.0
0.0
0.0
0.0
0.0
0.0
0.0
0.0
0.31460646
0.0
0.0
0.0
0.0
0.0
0.0
0.0
0.33932453
0.0
0.0
0.0
0.0
0.0
0.0
0.0
0.0
0.0
0.0
0.0
0.0
0.00390248
0.0
0.0
0.0
0.0
0.0
0.0
0.0
0.0
0.0
0.0
0.0
0.0
0.0
0.32279673
1.8984727
0.0
0.0
0.5407102
0.0
0.0
0.3896991
0.0
0.0
0.0
0.52189434
0.0
0.0
2.8370545
0.0
0.0
0.37460175
0.0
0.0
0.0
0.0
0.0
0.0
0.0
0.0
0.0
0.0
0.0
0.0
0.0
0.0
0.0
0.0
0.0
0.0
0.76834404
0.0
0.0
3.2554061
0.0
0.0
0.0
0.0
1.0292149
0.0
0.0
0.0
0.0
0.0
0.0
0.0
0.0
0.0
0.0
0.0
0.0
0.0
0.0
0.0
0.0
0.0
0.0
1.4667889
0.0
0.0
0.35227448
2.2219882
0.0
0.0
0.0
0.0
0.0
0.0
0.0
0.0
0.0
0.0
0.0
0.0
0.0
0.0
0.0
0.0
0.0
0.0
0.0
0.0
0.0
0.0
0.0
0.0
0.0
0.0
0.0
0.0
0.0
0.0
0.0
0.0
0.0
1.8132308
0.0
0.0
0.0
0.0
0.0
0.0
0.40136534
0.0
0.0
0.0
0.0
0.40242597
0.0
0.0
0.0
0.0
0.0
0.0
0.0
0.0
0.0
0.0
0.0
0.0
0.0
0.0
0.0
0.0
0.0
0.0
0.0
0.0
0.0
0.0
0.0
0.0
0.0
0.0
0.0
0.0
0.0
0.0
0.0
0.0
0.0
0.0
0.16926554
0.0
0.0
0.0
0.0
0.0
0.0
0.0
0.0
0.0
0.0
0.0
0.0
0.0
0.0
0.0
