0.0
0.0
0.0
0.93565655
0.0
0.0
0.0
0.0
0.0
0.0
0.8220531
0.0
0.0
0.0
0.0
0.0
0.09092137
0.0
0.056500904
0.0
0.0
0.0
0.0
0.0
0.0
0.0
0.0
0.0
0.0
0.0
0.0
0.0
0.0
0.0
0.0
0.0
0.0
0.0
0.0
0.0
0.05020616
0.0
0.0
0.0
0.0
0.0
0.0
0.0
0.4585601
0.0
0.0
0.0
0.0
0.0
0.0
0.019696973
0.0
0.0
0.0
0.0
0.0
0.0
0.0
0.0
0.0
0.0
0.0
0.0
0.0
0.0
0.0
0.0
0.0
0.0
0.0
0.0
0.0
0.0
0.0
0.061072886
0.7207084
0.0
0.0
0.0
0.0
0.0
0.6684947
0.0
0.0
0.0
0.0
0.0
0.0
0.0
0.0
0.0
0.0
0.0
0.0
0.0
0.59011704
0.0
0.0
0.0
0.0
0.0
0.005148516
0.0
0.0
0.0
0.0
0.0
0.0
0.0
0.0
0.0
0.2573301
0.0
0.0
0.0
0.0
0.0
0.0
0.2546176
0.0
0.0
0.0
0.0
0.0
0.0
0.0
0.0
0.0
0.0
0.0
0.0
0.0
0.0
0.0
0.0
0.0
0.0
0.0
0.0
0.0
0.0
0.0
0.0
1.3492408
0.0
0.0
1.493788
0.0
0.0
0.0
0.0
0.0
0.0
0.0
0.0
0.0
0.0
0.0
2.4870422
0.0
0.0
0.0
0.0
0.0
0.0
0.0
0.0
0.0
0.0
0.0
0.0
0.0
0.0
0.0
0.0
0.0
0.0
0.0
0.0
0.0
0.0
0.0
0.0
0.0
0.40593365
0.0
0.26785693
0.0
0.0
0.20137352
0.28556412
0.0
0.0
0.57376975
0.0
0.0
0.0
0.035340253
0.026673423
0.0
0.0
0.0
0.0
0.0
0.0
0.0
0.0
0.0
0.0
0.0
0.0
0.0
0.0
0.0
0.0
0.0
0.0
0.0
0.0
0.0
0.0
0.0
0.0
0.0
0.0
0.0
0.0
0.0
0.0
0.0
0.0
0.0
0.0
0.0
0.08817387
0.0
0.03670869
0.0
0.0
0.16702303
0.0
0.0
0.22958651
0.0
0.0
0.05758456
0.0
0.0
0.48814943
0.0
0.0
0.0
0.0
0.0
0.0
0.83390546
1.4622935
0.0
0.0
0.0
0.0
0.0
0.011039421
0.0
0.0
0.0
0.0
0.0
0.0
0.0
0.0
0.0
0.0
0.0
0.0
0.0
0.0
0.0
0.0
0.0
0.0
0.0
0.0
0.0
0.0
0.0
0.0
0.0
0.0
0.0
0.0
0.0
0.9422296
0.0
0.0
0.0
0.57711256
0.0
0.0
0.0
0.0
0.0
0.0
0.111980684
0.1079391
0.0
0.0
0.0
0.0
0.0
0.0
0.0
0.0
0.0
0.0
0.0
0.0
0.0
0.033798225
0.0
0.0
0.0
0.0
0.0
0.0
0.0
0.0
0.0
0.0
0.0
0.0
0.0
0.0
0.0
0.0
0.0
0.0
0.0
0.0
0.0
0.0
0.0
0.0
0.0
0.0
0.0
0.0
0.0
0.0
0.055616327
0.0
0.0
0.0
1.1802047
0.0
0.0
0.0
0.0
0.0
0.0
0.012429021
0.0
0.0
0.0
0.0
0.0
0.0
1.2603292
0.0
0.0
0.0
0.0
0.0
0.0
0.0
0.0
0.0
0.0
0.0
0.0
0.0
0.0
0.09702496
0.0
0.0
0.0
0.0
0.0
0.0
0.0
0.0
0.0
0.0
0.0
0.0
0.0
0.0
0.0
0.0
0.0
0.0
0.0
0.0
0.0
0.0
0.6692289
0.0
0.0
0.0
0.0
0.0
0.0
0.0
0.0
0.28300297
0.0
0.0
0.09399262
0.6705733
0.0
0.0
0.0
0.0
0.0
0.0
0.0
0.0
0.0
0.0
0.36869788
0.0
0.0
0.0
0.0
0.0
0.0
0.0
0.0
0.0
0.0
0.0
0.0
0.0
0.0
0.0
0.0
0.0
0.0
0.0
0.0
0.0
0.0
0.0
0.0
0.0
0.0
0.0
0.0
0.0
0.0
0.0
0.0
0.0
0.0
0.0
0.0
0.0
0.0
0.0
0.0
1.384832
0.10112518
0.0
0.0
0.0
0.0
0.0
0.0
0.0
0.0
0.0
0.0
0.0
0.0
0.0
0.0
0.0
0.0
0.0
0.84263176
0.0
0.0
0.0
0.0
0.84058356
0.0
0.0
0.0
0.32572687
0.0
0.0
0.0
0.0
0.0
0.0
0.0
0.0
0.0
0.0
0.0
0.0
0.0
0.0
0.0
0.0
0.0
0.0
0.0
0.0
0.0
0.0
0.0
0.0
0.0
0.0
0.0
0.0
0.0
0.0
0.0
0.0
0.0
0.0
0.0
0.0
0.0
0.056786716
0.14532922
0.0
0.0
0.0
0.0
0.0
0.0
0.0
0.0
0.0
0.0
0.0
0.0
0.0
0.0
0.0
0.0
0.0
0.0
0.0
0.06406895
0.0
0.0
0.0
0.0
0.0
0.0
0.0
0.0
0.0
0.0
0.0
0.0
0.0
0.0
0.0
0.0
0.0
0.0
0.0
0.0
0.0
0.48636222
0.0
0.0
0.0
0.0
0.0
0.0
0.0
0.0
0.0
0.0
0.0
0.0
0.0
0.0
0.0
