0.0
0.0
0.0
0.0
0.0
0.0
0.0
0.71219504
0.0
0.0
1.8384975
0.0
0.0
0.7559847
0.0
0.0
0.0
0.8813511
0.0
0.0
0.0
0.0
0.0
0.0
0.0
0.0
0.0
0.0
0.0
0.0
0.0
0.0
0.0
0.0
0.0
0.0
0.0
0.0
0.0
0.0
0.0
0.0
0.46147853
0.0
0.0
0.0
0.0
0.0
0.5541742
0.0
0.7265144
0.0
0.016011186
0.0
0.0
0.0
0.28872785
0.0
0.0
0.14014217
0.0
0.0
0.0
0.0
0.0
0.0
1.9220264
0.0
0.0
0.0
0.0
0.0
0.0
0.0
0.0
0.0
0.0
0.0
0.0
0.0
0.62327045
0.992132
0.0
0.0
0.0
0.0
0.0
0.0
0.0
0.0
0.0
0.0
0.0
0.0
0.0
0.0
0.0
0.0
0.0
0.73377824
0.0
0.0
0.0
0.0
0.0
0.0
0.0
0.15755677
0.0
0.0
0.0
0.0
0.0
0.0
0.0
0.0
0.0
0.0
0.0
0.0
0.2694249
0.0
0.0
1.7189027
0.0
0.0
0.0
0.0
0.0
0.0
0.0
0.0
0.0
0.0
0.0
0.0
0.0
0.0
0.0
0.0
0.0
0.0
0.0
0.0
0.0
0.0
0.0
0.0
0.0
1.3767288
0.0
2.8587792
0.0
0.0
0.0
0.0
0.0
0.0
0.0
0.0
0.0
0.0
0.0
3.7456186
0.0
0.0
0.0
0.0
0.33193853
0.0
0.0
0.0
0.0
0.0
0.0
0.0
0.0
0.0
0.057321437
0.0
0.0
0.0
0.0
0.0
0.0
0.0
0.0
0.0
0.0
1.1260134
0.0
0.15751225
0.0
0.0
0.0
0.7015246
0.0
0.0
1.7899369
1.1868886
0.0
0.0
0.0
0.0
0.0
0.0
0.0
0.0
0.0
0.0
0.0
0.0
0.0
0.0
0.0
3.327174
0.0
0.0
0.0
0.0
0.0
0.0
0.0
0.0
0.0
0.0
0.0
0.0
0.66153914
0.0
0.0
0.0
0.43437457
0.0
0.0
0.3915049
0.0
0.0
0.0
0.0
0.0
0.0
0.0
0.0
2.9496017
0.0
0.0
0.0
0.0
0.0
0.0
0.0
0.0
3.3090816
0.0
0.0
0.0
0.0
0.0
0.0
2.1579447
4.089991
0.0
0.0
0.0
0.0
0.0
0.0
0.0
0.0
0.0
0.0
0.0
0.0
0.0
0.0
0.0
0.0
0.0
0.0
0.0
0.0
0.0054733977
0.0
0.0
0.0
0.0
0.0
0.0
0.0
0.8137237
0.0
0.0
0.0
0.2757539
0.0
0.0
0.40705246
0.0
0.0
0.0
1.2909673
0.0
0.0
0.0
0.0
0.0
0.0
4.562621
0.0
0.0
0.0
0.0
0.73449904
0.1426669
0.0
0.0
0.0
0.0
0.0
0.0
0.0
0.0
0.0
0.0
0.0
0.0
0.0
0.0
0.6717289
0.0
0.0
0.0
0.0
0.0
0.0
0.0
0.0
0.0
0.0
0.0
0.0
0.0
0.0
0.0
0.0
0.0
0.0
0.0
0.0
0.0
0.0
0.0
0.0
0.0
0.0
0.0
0.7852479
0.0
0.0
0.24549916
0.0
0.0
0.0
0.0
0.0
0.0
2.3994582
0.0
0.0
1.0274191
0.0
1.6953923
0.0
0.0
0.0
0.0
0.0
0.0
0.0
0.0
0.0
0.0
0.0
0.0
0.0
0.0
0.0
0.31561944
0.0
0.0
0.0
0.0
0.0
0.0
0.0
0.0
0.0
0.0
0.0
0.0
0.20107596
0.0
0.0
0.0
0.0
0.0
0.0
0.0
0.613601
0.0
0.0
0.0
0.0
0.0
0.0
0.0
0.0
0.0
0.0
0.0
0.0
0.23841602
0.0
0.16692033
0.0
0.0
0.0
0.0
0.0
0.0
0.0
0.0
0.0
0.0
0.0
0.7329261
2.013746
0.0
0.0
0.442192
0.0
0.0
0.86122364
0.0
0.0
0.0
0.79765093
0.0
0.0
3.04269
0.0
0.0
0.7426308
0.0
0.0
0.0
0.0
0.0
0.0
0.0
0.0
0.0
0.0
0.0
0.0
0.0
0.0
0.0
0.0
0.0
0.0
1.2094338
0.0
0.0
3.2565694
0.0
0.0
0.0
0.0
1.2439904
0.0
0.0
0.0
0.0
0.0
0.0
0.0
0.0
0.0
0.0
0.0
0.0
0.0
0.0
0.0
0.0
0.0
0.0
1.6505749
0.0
0.0
0.75789785
2.6023777
0.0
0.0
0.0
0.0
0.0
0.0
0.0
0.0
0.0
0.0
0.0
0.0
0.0
0.0
0.0
0.0
0.0
0.0
0.0
0.0
0.0
0.0
0.0
0.0
0.0
0.0
0.0
0.0
0.0
0.0
0.0
0.0
0.0
2.0952573
0.0
0.0
0.0
0.0
0.0
0.0
0.7465146
0.0
0.0
0.0
0.0
0.76430684
0.0
0.0
0.0
0.0
0.0
0.0
0.0
0.0
0.0
0.0
0.0
0.0
0.0
0.0
0.0
0.0
0.0
0.0
0.0
0.0
0.0
0.0
0.0
0.0
0.0
0.0
0.0
0.0
0.0
0.0
0.0
0.0
0.0
0.0
0.06636283
0.08443177
0.0
0.0
0.0
0.0
0.0
0.0
0.0
0.0
0.0
0.0
0.0
0.0
0.0
0.0
