0.0
0.0
0.0
0.0
0.0
0.0
0.0
0.7620022
0.0
0.0
2.007753
0.0
0.0
0.5926447
0.0
0.0
0.0
0.80445
0.0
0.0
0.0
0.0
0.0
0.0
0.0
0.0
0.0
0.0
0.0
0.0
0.0
0.0
0.0
0.0
0.0
0.0
0.0
0.0
0.0
0.0
0.0
0.0
0.0
0.0
0.0
0.0
0.0
0.0
0.13990332
0.0
0.8775377
0.0
0.0
0.0
0.0
0.0
0.098570675
0.0
0.0
0.0
0.0
0.0
0.0
0.0
0.0
0.0
2.0023003
0.0
0.0
0.055410422
0.0
0.0
0.0
0.0
0.0
0.0
0.0
0.0
0.0
0.0
0.36363935
0.73639846
0.0
0.0
0.0
0.0
0.0
0.0
0.0
0.0
0.0
0.0
0.0
0.0
0.0
0.0
0.0
0.0
0.0
0.8261414
0.0
0.0
0.0
0.0
0.0
0.0
0.0
0.31500858
0.0
0.0
0.0
0.0
0.0
0.0
0.0
0.0
0.0
0.0
0.0
0.0
0.0
0.0
0.0
1.5337379
0.0
0.0
0.0
0.0
0.0
0.0
0.0
0.0
0.0
0.0
0.0
0.0
0.0
0.0
0.0
0.0
0.0
0.0
0.0
0.0
0.0
0.0
0.0
0.0
0.0
1.4900967
0.0
3.1096013
0.0
0.0
0.0
0.0
0.0
0.0
0.0
0.0
0.0
0.0
0.0
3.6976726
0.0
0.0
0.0
0.0
0.3462092
0.0
0.0
0.0
0.0
0.0
0.0
0.0
0.0
0.0
0.17298982
0.0
0.0
0.0
0.0
0.0
0.0
0.0
0.0
0.0
0.0
1.1082373
0.0
0.0
0.0
0.0
0.0
0.24758488
0.0
0.0
1.6015583
0.9408299
0.0
0.0
0.0
0.0
0.0
0.0
0.0
0.0
0.0
0.0
0.0
0.0
0.0
0.0
0.0
3.2062032
0.0
0.0
0.0
0.0
0.0
0.0
0.0
0.0
0.0
0.0
0.0
0.0
0.59733105
0.0
0.0
0.0
0.41177964
0.0
0.0
0.0031568483
0.0
0.0
0.0
0.0
0.0
0.0
0.0
0.0
2.722603
0.0
0.0
0.0
0.0
0.0
0.0
0.0
0.0
3.2641268
0.0
0.0
0.0
0.0
0.0
0.0
2.1689298
4.0972905
0.0
0.0
0.0
0.0
0.0
0.0
0.0
0.0
0.0
0.0
0.0
0.0
0.0
0.0
0.0
0.0
0.0
0.0
0.0
0.0
0.0
0.0
0.0
0.0
0.0
0.0
0.0
0.0
0.7286805
0.0
0.0
0.0
0.07816232
0.0
0.0
0.078690015
0.0
0.0
0.0
1.2753187
0.0
0.0
0.0
0.0
0.0
0.0
4.366123
0.0
0.0
0.0
0.0
0.91254437
0.0
0.0
0.0
0.0
0.0
0.0
0.0
0.0
0.0
0.0
0.0
0.0
0.0
0.0
0.0
0.42446315
0.0
0.0
0.0
0.0
0.0
0.0
0.0
0.0
0.0
0.0
0.0
0.0
0.0
0.0
0.0
0.0
0.0
0.0
0.0
0.0
0.0
0.0
0.0
0.0
0.0
0.0
0.0
0.42675728
0.0
0.0
0.34176028
0.0
0.0
0.0
0.0
0.0
0.0
2.5042899
0.0
0.0
0.634422
0.0
1.7244437
0.0
0.0
0.0
0.0
0.0
0.0
0.0
0.0
0.0
0.0
0.0
0.0
0.0
0.0
0.0
0.2779602
0.0
0.0
0.0
0.0
0.0
0.0
0.0
0.0
0.0
0.0
0.0
0.0
0.28064352
0.0
0.0
0.0
0.0
0.0
0.0
0.0
0.3482679
0.0
0.0
0.0
0.0
0.0
0.0
0.0
0.0
0.0
0.0
0.0
0.04657019
0.26689836
0.0
0.0
0.0
0.0
0.0
0.0
0.0
0.0
0.0
0.0
0.0
0.0
0.0
0.7166974
1.8509871
0.0
0.0
0.45362133
0.0
0.0
0.48665732
0.0
0.0
0.0
0.88787794
0.0
0.0
2.9753423
0.0
0.0
0.6468157
0.0
0.0
0.0
0.0
0.0
0.0
0.0
0.0
0.0
0.0
0.0
0.0
0.0
0.0
0.0
0.0
0.0
0.0
1.423305
0.0
0.0
3.40242
0.0
0.0
0.0
0.0
1.0788043
0.0
0.0
0.0
0.0
0.0
0.0
0.0
0.0
0.0
0.0
0.0
0.0
0.0
0.0
0.0
0.0
0.0
0.0
1.746597
0.0
0.0
0.8706127
2.5109427
0.0
0.0
0.0
0.0
0.0
0.0
0.0
0.0
0.0
0.0
0.0
0.0
0.0
0.0
0.0
0.0
0.0
0.0
0.0
0.0
0.0
0.0
0.0
0.0
0.0
0.0
0.0
0.0
0.0
0.0
0.0
0.0
0.0
1.6587901
0.0
0.0
0.0
0.0
0.0
0.0
0.6011876
0.064930886
0.0
0.0
0.0
0.76684856
0.0
0.0
0.0
0.0
0.0
0.0
0.0
0.0
0.0
0.0
0.15430644
0.0
0.0
0.0
0.0
0.0
0.0
0.0
0.0
0.0
0.0
0.0
0.0
0.0
0.0
0.0
0.0
0.0
0.0
0.0
0.0
0.0
0.0
0.0
0.3287678
0.052010547
0.0
0.0
0.0
0.0
0.0
0.0
0.0
0.0
0.0
0.0
0.0
0.0
0.0
0.0
