0 217.084
1 294.608
2 96.0056
3 192.627
4 292.445
5 299.71
6 260.905
7 212.017
8 295.285
9 290.217
10 289.42
11 294.353
12 169.294
13 299.116
14 302.227
15 131.734
16 127.919
17 156.816
18 295.348
19 233.287
20 303.062
21 141.641
22 116.07
23 295.393
24 104.505
25 281.588
26 159.466
27 271.455
28 282.15
29 283.885
30 199.388
31 161.228
32 272.973
33 193.406
34 289.541
35 172.853
36 294.828
37 288.804
38 198.0
39 157.523
40 302.748
41 130.903
42 285.992
43 280.097
44 294.886
45 273.241
46 295.805
47 102.412
48 180.398
49 124.484
50 261.98
51 290.579
52 288.225
53 287.643
54 249.72
55 298.517
56 239.964
57 300.882
58 301.637
59 293.481
60 296.552
61 221.143
62 109.648
63 289.521
64 292.997
65 297.959
66 292.513
67 235.997
68 293.992
69 291.054
70 292.997
71 282.698
72 295.476
73 293.806
74 298.022
75 196.59
76 294.892
77 290.846
78 261.092
79 293.151
80 205.254
81 282.757
82 290.18
83 281.566
84 298.857
85 283.317
86 290.986
87 272.966
88 288.811
89 107.721
90 296.209
91 289.455
92 246.178
93 287.301
94 292.321
95 294.546
96 293.538
97 281.888
98 126.454
99 300.822
100 289.15
101 291.079
102 299.767
103 289.13
104 279.097
105 303.23
106 299.056
107 295.269
108 210.029
109 293.43
110 306.69
111 290.77
112 281.201
113 299.597
114 264.098
115 296.618
116 288.046
117 292.636
118 127.058
119 292.438
120 288.817
121 290.078
122 296.737
123 296.883
124 290.44
125 300.452
126 293.116
127 296.127
128 294.376
129 300.474
130 290.714
131 284.8
132 288.037
133 299.78
134 303.6
135 286.165
136 295.794
137 301.801
138 288.306
139 290.364
140 285.099
141 300.506
142 298.924
143 243.679
144 295.707
145 289.272
146 293.146
147 298.0
148 291.609
149 288.765
150 287.773
151 295.074
152 296.413
153 288.7
154 294.067
155 290.906
156 291.378
157 287.971
158 295.504
159 256.803
160 291.088
161 303.094
162 288.104
163 289.523
164 293.779
165 293.383
166 292.553
167 293.62
168 301.082
169 82.7292
170 266.968
171 286.102
172 287.811
173 295.447
174 287.299
175 285.478
176 292.579
177 293.635
178 286.399
179 290.054
180 295.443
181 292.273
182 290.898
183 290.432
184 284.586
185 291.453
186 306.479
187 293.367
188 288.335
189 290.721
190 293.578
191 293.617
192 291.859
193 299.46
194 296.754
195 286.246
196 287.357
197 295.03
198 295.568
199 296.111
200 294.934
201 301.617
202 293.546
203 292.109
204 290.58
205 292.118
206 290.512
207 291.732
208 294.505
209 290.109
210 295.301
211 294.25
212 291.682
213 297.613
214 294.049
215 292.274
216 303.287
217 292.91
218 291.838
219 288.269
220 294.113
221 292.564
222 290.918
223 290.913
224 295.117
225 288.457
226 292.765
227 288.739
228 291.106
229 301.513
